# step, loss_train, loss_test, metrics_test
0.000000000000000000e+00 8.576495291160798895e-02 5.946931771577838172e-02 9.801000000000000156e+00 1.000000000000000021e-03 4.180736257150606539e-02 1.528962641622265591e-02 2.668734707467344466e-02 9.801000000000000156e+00 1.000000000000000021e-03 4.180736257150606539e-02
1.000000000000000000e+02 4.553184426851246891e-04 5.060055569809948726e-04 1.072702597765509661e-05 5.217111918122957656e-07 3.011543377589835039e-03 2.898472742423800308e-04 5.248954339958956938e-04 1.072702597765509661e-05 5.217111918122957656e-07 3.011543377589835039e-03
2.000000000000000000e+02 2.573273619903852154e-04 1.607585493343672959e-04 5.333988676083337866e-09 8.497333885558730289e-08 1.360930008832950643e-03 1.563854448128260187e-04 1.490045786099742763e-04 5.333988676083337866e-09 8.497333885558730289e-08 1.360930008832950643e-03
3.000000000000000000e+02 1.693043845078678780e-04 1.147461682615804793e-04 6.886298448200021500e-10 1.490104311342194286e-08 1.226856340598829866e-03 6.984944583652321877e-05 1.075232209002928430e-04 6.886298448200021500e-10 1.490104311342194286e-08 1.226856340598829866e-03
4.000000000000000000e+02 1.388398022627682115e-04 8.866977128052629055e-05 2.229084320529308564e-10 6.580972591763388625e-09 1.154476604397102445e-03 4.714177790499975569e-05 8.310025421682016200e-05 2.229084320529308564e-10 6.580972591763388625e-09 1.154476604397102445e-03
5.000000000000000000e+02 1.168154941385333263e-04 7.090073555707233877e-05 8.853774745699651556e-11 4.604899054425368919e-09 1.103293786455578161e-03 3.490324309237863206e-05 6.620508548097031837e-05 8.853774745699651556e-11 4.604899054425368919e-09 1.103293786455578161e-03
6.000000000000000000e+02 9.842514942216286887e-05 5.835053262222675470e-05 3.446573639502870839e-11 4.310344289706285648e-09 1.061396256109281393e-03 2.601880093389513480e-05 5.418446144322289437e-05 3.446573639502870839e-11 4.310344289706285648e-09 1.061396256109281393e-03
7.000000000000000000e+02 1.709739588207193181e-04 1.062861272437146207e-04 1.275697067317922987e-06 1.045134111766319455e-08 1.111807795822898279e-03 5.877286213645818388e-05 9.604076746239088825e-05 1.275697067317922987e-06 1.045134111766319455e-08 1.111807795822898279e-03
8.000000000000000000e+02 8.252058568378509672e-05 6.452714496491291783e-05 9.013623189764613645e-10 2.039328984145039018e-08 1.041621127102057348e-03 1.961163776864113383e-05 5.972810827094719510e-05 9.013623189764613645e-10 2.039328984145039018e-08 1.041621127102057348e-03
9.000000000000000000e+02 7.114903074461980097e-05 5.274555901295687984e-05 1.098798467647049157e-10 1.946640549016691591e-08 9.976079989625300654e-04 1.370573243017131583e-05 4.860746928413195759e-05 1.098798467647049157e-10 1.946640549016691591e-08 9.976079989625300654e-04
1.000000000000000000e+03 6.173539305683105154e-05 4.530514287915018946e-05 4.562282062840473561e-11 2.115766143849501490e-08 9.604819506704145773e-04 1.002327926543014947e-05 4.144082731829732118e-05 4.562282062840473561e-11 2.115766143849501490e-08 9.604819506704145773e-04
1.100000000000000000e+03 5.444077850229289120e-05 3.990281104408912569e-05 2.026260956511511210e-11 2.324618000232867520e-08 9.247558049111437913e-04 7.819955021403572114e-06 3.620255873556961479e-05 2.026260956511511210e-11 2.324618000232867520e-08 9.247558049111437913e-04
1.200000000000000000e+03 4.955179825681634080e-05 3.487893291673387558e-05 2.814666040981894820e-10 4.440021700192447893e-08 8.893549945758003755e-04 7.427651883086233986e-06 3.121706629409124535e-05 2.814666040981894820e-10 4.440021700192447893e-08 8.893549945758003755e-04
1.300000000000000000e+03 4.712614002282717072e-05 3.708920443239253342e-05 5.028058067187267856e-09 2.206539879532197678e-08 8.497879739976366273e-04 7.870491773378652508e-06 3.290817488763318120e-05 5.028058067187267856e-09 2.206539879532197678e-08 8.497879739976366273e-04
1.400000000000000000e+03 4.512672853587428891e-05 2.877386957990223979e-05 8.926950277432683329e-15 3.763976340288767320e-08 7.980829218711131719e-04 7.254187807889953233e-06 2.517101557891790635e-05 8.926950277432683329e-15 3.763976340288767320e-08 7.980829218711131719e-04
1.500000000000000000e+03 4.193585280279718162e-05 2.827554980186042737e-05 2.139685820315877086e-11 4.106995675128485479e-08 7.490897162838331194e-04 7.683822275333481569e-06 2.520586763606415709e-05 2.139685820315877086e-11 4.106995675128485479e-08 7.490897162838331194e-04
1.600000000000000000e+03 3.919558271368301760e-05 3.054072306236078150e-05 7.571406843694971751e-11 4.570260328007778835e-08 7.028814533673935754e-04 8.735360351618501023e-06 2.799193696334397835e-05 7.571406843694971751e-11 4.570260328007778835e-08 7.028814533673935754e-04
1.700000000000000000e+03 3.708994844109831962e-05 3.300981030976438488e-05 1.564917548429078090e-10 4.962817968080502124e-08 6.644451530445107112e-04 1.025465157706408677e-05 3.089419786218572112e-05 1.564917548429078090e-10 4.962817968080502124e-08 6.644451530445107112e-04
1.800000000000000000e+03 3.590063926474257338e-05 3.379173390092767568e-05 2.474088768032810632e-10 5.083004831404131783e-08 6.354782755500989902e-04 1.230316440981343471e-05 3.205886545425991720e-05 2.474088768032810632e-10 5.083004831404131783e-08 6.354782755500989902e-04
1.900000000000000000e+03 4.322072422711207987e-04 2.080914663830105908e-04 1.950987104977505514e-06 1.487865464845456634e-05 1.861951694997310497e-03 4.324339295175647232e-04 1.751326991624714243e-04 1.950987104977505514e-06 1.487865464845456634e-05 1.861951694997310497e-03
2.000000000000000000e+03 3.469322928106634974e-05 3.137618392149868300e-05 1.167483173021927395e-09 5.090523804789621385e-08 6.043607570477073669e-04 1.417335922203768301e-05 2.957902679707790221e-05 1.167483173021927395e-09 5.090523804789621385e-08 6.043607570477073669e-04
2.100000000000000000e+03 6.917798822961405850e-05 4.220872382742039150e-05 3.957741213117181001e-07 2.697257487604175833e-07 5.958737765039222702e-04 4.707555106128443259e-05 4.330172027980060405e-05 3.957741213117181001e-07 2.697257487604175833e-07 5.958737765039222702e-04
2.200000000000000000e+03 5.344297940216679032e-05 3.819931668470334088e-05 1.420903284434783096e-07 4.703143623206234390e-07 5.960573249199375154e-04 3.186306333869406103e-05 3.939518476271432212e-05 1.420903284434783096e-07 4.703143623206234390e-07 5.960573249199375154e-04
2.300000000000000000e+03 1.337629776456457245e-04 9.067899182841956669e-05 1.252764703804220583e-06 2.915209724561205671e-06 6.035063048443712816e-04 1.109971096977549975e-04 9.456643253937422017e-05 1.252764703804220583e-06 2.915209724561205671e-06 6.035063048443712816e-04
2.400000000000000000e+03 8.108893611314784756e-05 4.153009730725276769e-05 5.434046199390480243e-07 2.803977868149647787e-06 6.640260438049935560e-04 6.838906664135977398e-05 3.061116883870761124e-05 5.434046199390480243e-07 2.803977868149647787e-06 6.640260438049935560e-04
2.500000000000000000e+03 1.141327751391463350e-04 7.005408179285530239e-05 1.248962579837849542e-06 1.245660258764177701e-06 5.526074862399387106e-04 9.108967300009321679e-05 7.330984788036197519e-05 1.248962579837849542e-06 1.245660258764177701e-06 5.526074862399387106e-04
2.600000000000000000e+03 6.671431422715353246e-05 5.550728422777583909e-05 7.733845163280551501e-07 5.501386280641270257e-08 6.010979559335185218e-04 4.165411228475630634e-05 5.684643774567812281e-05 7.733845163280551501e-07 5.501386280641270257e-08 6.010979559335185218e-04
2.700000000000000000e+03 8.074521676288589343e-05 6.020063920200763492e-05 9.513222155177818299e-07 1.198436031137081462e-06 5.306434777309119262e-04 5.994636041613533682e-05 6.285452148059228797e-05 9.513222155177818299e-07 1.198436031137081462e-06 5.306434777309119262e-04
2.800000000000000000e+03 2.461027466324293813e-05 3.516273799651544732e-05 7.942657176711507701e-09 4.851903005008888523e-08 5.145954086359226954e-04 1.090276027722555454e-05 3.617668147250627426e-05 7.942657176711507701e-09 4.851903005008888523e-08 5.145954086359226954e-04
2.900000000000000000e+03 1.776567426088097260e-04 1.295648043264432936e-04 3.046091403961858628e-06 5.472203942628622958e-06 5.485680669372555805e-04 1.528815149285019125e-04 1.261464718353729321e-04 3.046091403961858628e-06 5.472203942628622958e-06 5.485680669372555805e-04
3.000000000000000000e+03 5.895636426429555537e-05 3.209059718375807110e-05 6.694463813955191796e-07 3.473421099484147568e-06 5.275607956811682485e-04 4.874382110534502334e-05 2.862849876796265874e-05 6.694463813955191796e-07 3.473421099484147568e-06 5.275607956811682485e-04
3.100000000000000000e+03 1.017269359326011769e-04 3.375603942098168354e-05 1.402995313833585659e-06 8.878119510817631172e-06 6.513853618875429206e-04 9.427813138158260930e-05 2.607762016468770169e-05 1.402995313833585659e-06 8.878119510817631172e-06 6.513853618875429206e-04
3.200000000000000000e+03 4.051673837708869551e-05 7.308748626531233147e-05 1.154670566736017941e-06 6.091772981796314931e-07 6.650689788105320797e-04 2.573863227601947087e-05 7.481827198075184540e-05 1.154670566736017941e-06 6.091772981796314931e-07 6.650689788105320797e-04
3.300000000000000000e+03 9.088797540729109622e-05 3.170630249905270732e-05 1.459939843601101797e-06 8.394050860417014506e-06 5.775378077477590164e-04 8.514315013322755390e-05 2.649227299992515608e-05 1.459939843601101797e-06 8.394050860417014506e-06 5.775378077477590164e-04
3.400000000000000000e+03 2.367418294015459805e-04 1.246993522295909869e-04 6.565479914024838239e-06 2.836731231310308089e-05 5.039688664723760911e-04 2.272833636344395074e-04 1.240189371364272606e-04 6.565479914024838239e-06 2.836731231310308089e-05 5.039688664723760911e-04
3.500000000000000000e+03 1.891025059475456591e-05 3.908427220268524465e-05 1.047579291242325072e-07 2.894441166337875703e-08 5.204288837706275064e-04 9.810692910798679065e-06 4.037784806695309881e-05 1.047579291242325072e-07 2.894441166337875703e-08 5.204288837706275064e-04
3.600000000000000000e+03 2.017798665350445931e-05 1.244707687906156945e-05 1.269390685527136194e-07 3.930301346701146340e-07 4.445112611761763079e-04 1.197572560793737896e-05 1.280262355267219765e-05 1.269390685527136194e-07 3.930301346701146340e-07 4.445112611761763079e-04
3.700000000000000000e+03 7.029176773550850318e-05 7.662821619555180270e-05 3.683413518688500014e-06 1.985647384952737951e-05 4.501376395151962550e-04 6.329152818975399323e-05 7.908865638696347170e-05 3.683413518688500014e-06 1.985647384952737951e-05 4.501376395151962550e-04
3.800000000000000000e+03 2.047527099311774308e-05 1.965905127145381432e-05 2.270932408349189511e-07 1.015608673837162132e-06 4.307451969907985750e-04 1.163032082760334888e-05 2.100584513896357934e-05 2.270932408349189511e-07 1.015608673837162132e-06 4.307451969907985750e-04
3.900000000000000000e+03 1.669572244498054628e-05 2.352536599508494268e-05 2.052666916331272951e-07 8.044733127664397212e-07 4.385172564690147838e-04 1.011106455473532668e-05 2.432366560047215595e-05 2.052666916331272951e-07 8.044733127664397212e-07 4.385172564690147838e-04
4.000000000000000000e+03 1.477632710401094149e-05 4.504592757915733671e-05 3.660505833405322019e-07 1.192906266995345571e-06 6.007025963641210052e-04 7.321788267610153234e-06 4.498943796244030656e-05 3.660505833405322019e-07 1.192906266995345571e-06 6.007025963641210052e-04
4.100000000000000000e+03 3.182752207819882027e-05 2.800824718575474801e-05 3.772869091772167324e-07 3.353625996569432115e-06 4.229605342220610679e-04 2.537180377791012034e-05 2.760417896756942082e-05 3.772869091772167324e-07 3.353625996569432115e-06 4.229605342220610679e-04
4.200000000000000000e+03 6.589387313774263668e-05 6.204717112279415476e-05 2.366469456151224047e-06 1.510129084072245342e-05 4.152710434466434070e-04 5.630508514578945044e-05 6.385252418694840253e-05 2.366469456151224047e-06 1.510129084072245342e-05 4.152710434466434070e-04
4.300000000000000000e+03 1.023125579951550515e-05 1.241942644450342709e-05 1.055153815612480422e-08 3.443303418930224751e-07 4.041388701683528589e-04 3.480232600187681998e-06 1.250706488657014716e-05 1.055153815612480422e-08 3.443303418930224751e-07 4.041388701683528589e-04
4.400000000000000000e+03 7.320266595627169029e-05 2.896801836075165449e-05 5.861407135463085887e-07 8.552053956906361764e-06 4.884684508649895888e-04 7.200655212194687744e-05 2.945498360246182827e-05 5.861407135463085887e-07 8.552053956906361764e-06 4.884684508649895888e-04
4.500000000000000000e+03 1.711069615935412210e-05 1.562908778901967791e-05 4.004399525451077246e-07 2.574264901906680281e-06 3.917944201437534432e-04 1.271143709807146636e-05 1.619223934211169182e-05 4.004399525451077246e-07 2.574264901906680281e-06 3.917944201437534432e-04
4.600000000000000000e+03 2.553586534217063608e-05 3.724413342341289336e-05 2.619794229350930750e-07 2.425121608934448663e-07 5.962533256770689025e-04 2.175878666697808722e-05 3.457816551738867434e-05 2.619794229350930750e-07 2.425121608934448663e-07 5.962533256770689025e-04
4.700000000000000000e+03 3.190296986583364500e-04 1.821055545069188487e-04 3.403445378294664090e-06 7.411790378915286053e-05 4.436301169464165598e-04 3.133980608148519034e-04 1.810268010011759619e-04 3.403445378294664090e-06 7.411790378915286053e-05 4.436301169464165598e-04
4.800000000000000000e+03 1.942368576510849728e-05 2.747110176593948471e-05 1.075077297198708428e-06 7.771046402670923135e-06 4.046808304333766133e-04 1.650132495846018198e-05 2.811253164533147544e-05 1.075077297198708428e-06 7.771046402670923135e-06 4.046808304333766133e-04
4.900000000000000000e+03 9.203522463575910316e-06 3.681869821916030348e-05 8.530044364503254524e-06 4.256964083987560278e-06 4.614979177109177866e-04 5.720769924393593436e-06 3.706526563695592509e-05 8.530044364503254524e-06 4.256964083987560278e-06 4.614979177109177866e-04
5.000000000000000000e+03 5.053302639487005309e-06 9.924061555608456770e-06 1.060960834222220470e-06 1.869518673294431543e-08 3.772331913655432964e-04 1.624495799628845283e-06 9.832537430732085415e-06 1.060960834222220470e-06 1.869518673294431543e-08 3.772331913655432964e-04
5.100000000000000000e+03 8.181816111047263438e-06 9.769486589733382905e-06 1.711189216527544481e-06 7.177760641001055583e-07 3.762232027881528260e-04 4.709534391411322904e-06 9.901069182491409733e-06 1.711189216527544481e-06 7.177760641001055583e-07 3.762232027881528260e-04
5.200000000000000000e+03 5.620984551614112038e-06 9.309596330755243174e-06 5.229296572108202649e-07 1.408564107836948997e-07 3.705147866055927383e-04 2.600601925478697522e-06 9.378531601955139593e-06 5.229296572108202649e-07 1.408564107836948997e-07 3.705147866055927383e-04
5.300000000000000000e+03 5.946035086013235651e-06 8.535419410602358532e-06 1.142544415225691507e-04 1.669407996673666321e-06 3.755391609025981949e-04 2.723995198957308416e-06 8.680984580046247946e-06 1.142544415225691507e-04 1.669407996673666321e-06 3.755391609025981949e-04
5.400000000000000000e+03 6.918143394415412444e-06 8.648486383945666250e-06 4.281426329633026581e-07 3.591524343962775599e-07 3.790780396419329975e-04 3.771717719036487888e-06 8.748418363910370445e-06 4.281426329633026581e-07 3.591524343962775599e-07 3.790780396419329975e-04
5.500000000000000000e+03 4.103916943801939909e-05 2.104282788067479373e-05 1.555805023276949544e-04 1.211767505882215473e-05 4.240793546670396639e-04 3.925528812093654924e-05 1.872898817418375050e-05 1.555805023276949544e-04 1.211767505882215473e-05 4.240793546670396639e-04
5.600000000000000000e+03 5.282570637885554459e-06 8.710806265951346599e-06 1.902842267000472696e-09 1.438089603919731268e-07 3.649301724410336381e-04 2.177707727310151381e-06 8.419103559194865318e-06 1.902842267000472696e-09 1.438089603919731268e-07 3.649301724410336381e-04
5.700000000000000000e+03 5.969247682976506507e-06 8.449426539678218191e-06 5.651364901778352399e-06 1.717956489102394976e-08 3.626007136446191253e-04 2.457847941608293903e-06 8.127535529656876729e-06 5.651364901778352399e-06 1.717956489102394976e-08 3.626007136446191253e-04
5.800000000000000000e+03 7.638129575786119425e-06 8.924774738394756455e-06 2.914608121006896632e-08 5.331275939302822706e-07 3.622884289357260201e-04 4.703137956398338376e-06 8.556930161470056496e-06 2.914608121006896632e-08 5.331275939302822706e-07 3.622884289357260201e-04
5.900000000000000000e+03 2.853843865453783716e-05 1.656030380553609457e-05 8.789048374584675902e-06 5.487616344325366299e-06 3.739328583123255616e-04 2.667607867915555052e-05 1.660946652198938781e-05 8.789048374584675902e-06 5.487616344325366299e-06 3.739328583123255616e-04
6.000000000000000000e+03 9.223998325196978900e-05 1.905818159770204052e-04 1.508779046284341623e-05 4.646936019519941683e-05 7.572972824764324191e-04 9.193662814689439839e-05 1.973516007785203717e-04 1.508779046284341623e-05 4.646936019519941683e-05 7.572972824764324191e-04
6.100000000000000000e+03 8.969785897478423748e-06 1.479231137609508749e-05 1.239454218707781725e-04 2.486111514737577502e-07 3.603697572078763483e-04 6.593564212707730810e-06 1.488689959513428526e-05 1.239454218707781725e-04 2.486111514737577502e-07 3.603697572078763483e-04
6.200000000000000000e+03 5.088091684075703936e-06 7.566687158555607148e-06 3.321311758790870273e-08 5.718894009791230122e-08 3.576140556727057255e-04 2.657220938708194170e-06 7.224163738064046462e-06 3.321311758790870273e-08 5.718894009791230122e-08 3.576140556727057255e-04
6.300000000000000000e+03 7.332564746457641270e-05 3.356269577041783058e-05 6.274421795200844541e-05 1.967837648122737503e-05 5.117194796445423974e-04 7.425574240932572014e-05 3.226555558646840955e-05 6.274421795200844541e-05 1.967837648122737503e-05 5.117194796445423974e-04
6.400000000000000000e+03 1.177422247367285337e-04 1.016167660939641426e-04 1.409511652912487730e-05 3.169318714724885249e-05 3.982551050773730462e-04 1.178082660750302753e-04 1.029248670513350865e-04 1.409511652912487730e-05 3.169318714724885249e-05 3.982551050773730462e-04
6.500000000000000000e+03 8.250519776041822026e-06 8.280256211529868896e-06 4.553276223454577943e-06 1.273908206770858964e-06 3.673902804232133412e-04 6.507225016212359037e-06 8.286582854073219488e-06 4.553276223454577943e-06 1.273908206770858964e-06 3.673902804232133412e-04
6.600000000000000000e+03 1.219502562408152852e-05 1.337239607959184726e-05 9.132240778705835943e-04 8.788546412565831073e-10 3.617789633791057557e-04 9.097323897863793921e-06 1.315531344227233922e-05 9.132240778705835943e-04 8.788546412565831073e-10 3.617789633791057557e-04
6.700000000000000000e+03 3.887890305404018155e-06 6.400085969613628108e-06 9.729033088117120204e-06 7.642477838568622177e-08 3.572720305895395860e-04 2.149584898591985598e-06 6.278210881090220299e-06 9.729033088117120204e-06 7.642477838568622177e-08 3.572720305895395860e-04
6.800000000000000000e+03 5.965275152294091481e-06 1.029399985436763319e-05 4.504563332880054005e-07 9.638542539791488723e-07 3.580013696191156319e-04 4.524473311306339532e-06 1.010738612923494827e-05 4.504563332880054005e-07 9.638542539791488723e-07 3.580013696191156319e-04
6.900000000000000000e+03 6.169248342916045351e-06 1.200403617085354609e-05 2.416836017723213419e-04 6.528420582988354098e-08 3.585026784585765552e-04 4.278331963124011747e-06 1.211736869639275665e-05 2.416836017723213419e-04 6.528420582988354098e-08 3.585026784585765552e-04
7.000000000000000000e+03 1.187183033047743192e-05 1.241356905622130813e-05 3.978865360245321444e-08 2.581267130562419868e-06 3.570805520045096642e-04 1.040334322681259077e-05 1.229816451644402640e-05 3.978865360245321444e-08 2.581267130562419868e-06 3.570805520045096642e-04
7.100000000000000000e+03 5.357456635939429124e-05 5.618638946699331061e-05 4.051979313269384264e-07 1.613675853967706718e-05 4.095891125741385128e-04 5.332797763265248491e-05 5.730842573607158722e-05 4.051979313269384264e-07 1.613675853967706718e-05 4.095891125741385128e-04
7.200000000000000000e+03 5.303483761796504706e-05 2.654682173772469943e-05 1.076888478485111552e-04 2.264643156415308963e-05 3.806757648153912183e-04 5.203292968425758273e-05 2.510551932149590953e-05 1.076888478485111552e-04 2.264643156415308963e-05 3.806757648153912183e-04
7.300000000000000000e+03 3.721574238937337260e-06 6.826981134152465495e-06 3.498687940796490110e-09 3.860199237718722201e-09 3.536930438842304271e-04 2.355531144813958896e-06 6.541914799079561802e-06 3.498687940796490110e-09 3.860199237718722201e-09 3.536930438842304271e-04
7.400000000000000000e+03 5.370966324217261553e-06 6.936314994496393443e-06 5.181723243105649161e-06 1.877020576894041827e-07 3.572263003331446773e-04 4.066299302417547159e-06 6.544803976530261708e-06 5.181723243105649161e-06 1.877020576894041827e-07 3.572263003331446773e-04
7.500000000000000000e+03 3.251154267621596348e-05 3.313339394680547086e-05 8.169767331786906610e-07 9.197861155583539073e-06 3.638048464838669572e-04 3.307005401707635486e-05 3.338250945097636589e-05 8.169767331786906610e-07 9.197861155583539073e-06 3.638048464838669572e-04
7.600000000000000000e+03 2.772171610566001774e-05 2.681453098350270551e-05 9.650788059145605285e-05 2.145732562086067667e-05 3.647959813553515343e-04 2.707376458850749699e-05 2.664047690833279397e-05 9.650788059145605285e-05 2.145732562086067667e-05 3.647959813553515343e-04
7.700000000000000000e+03 1.625578379673049429e-05 1.934687059149819508e-05 4.583277338627527299e-06 5.151793161605998315e-06 3.856596237681886329e-04 1.529658543377443312e-05 1.963325053324388339e-05 4.583277338627527299e-06 5.151793161605998315e-06 3.856596237681886329e-04
7.800000000000000000e+03 3.359541426468826033e-05 3.360848581530268730e-05 4.119905900807784471e-04 9.299485496105591525e-06 3.789939171293965647e-04 3.381969882580658482e-05 3.316439510798006179e-05 4.119905900807784471e-04 9.299485496105591525e-06 3.789939171293965647e-04
7.900000000000000000e+03 1.808636100354173967e-05 2.544371447962836432e-05 1.254323456924487888e-05 5.639182950312664772e-06 3.879631972448127804e-04 1.735681932129482473e-05 2.604938647489028907e-05 1.254323456924487888e-05 5.639182950312664772e-06 3.879631972448127804e-04
8.000000000000000000e+03 5.415342277500404618e-06 1.166648358233621954e-05 3.127735515560772985e-06 1.574633665540864182e-12 3.747591256997306886e-04 3.909952215368439668e-06 1.195780561845437382e-05 3.127735515560772985e-06 1.574633665540864182e-12 3.747591256997306886e-04
8.100000000000000000e+03 7.213757804845452495e-06 1.124710729013821909e-05 1.481040204587312348e-06 1.109815491597373291e-06 3.530279435482113577e-04 6.227611195119033062e-06 1.142499365599507509e-05 1.481040204587312348e-06 1.109815491597373291e-06 3.530279435482113577e-04
8.200000000000000000e+03 5.651811931713387255e-06 1.173711854507581079e-05 1.964637926358357977e-06 2.511115607433671924e-06 3.702884845492222278e-04 4.815263420827552200e-06 1.188711798079770141e-05 1.964637926358357977e-06 2.511115607433671924e-06 3.702884845492222278e-04
8.300000000000000000e+03 1.623863531558379474e-05 4.276219714762824118e-05 2.835911804590394531e-06 6.404846040753933230e-06 5.015719717239704124e-04 1.591615982697173730e-05 4.455931205569837084e-05 2.835911804590394531e-06 6.404846040753933230e-06 5.015719717239704124e-04
8.400000000000000000e+03 8.128778414551181112e-06 1.052216182282027393e-05 7.964820710332143127e-06 7.277451961238457516e-08 3.499960821568647950e-04 7.243613359882086829e-06 1.063765801692602214e-05 7.964820710332143127e-06 7.277451961238457516e-08 3.499960821568647950e-04
8.500000000000000000e+03 2.381655594635805187e-05 6.354955255976500381e-05 9.518310517399821918e-07 1.008531366825835167e-05 8.352820146533086396e-04 2.394846599521545968e-05 6.264487243246553657e-05 9.518310517399821918e-07 1.008531366825835167e-05 8.352820146533086396e-04
8.600000000000000000e+03 1.042535651139420030e-05 9.138250569362608002e-06 8.280510959471716257e-07 2.290315692422013070e-06 3.480858737069725327e-04 9.649720315929701051e-06 8.879139457443173270e-06 8.280510959471716257e-07 2.290315692422013070e-06 3.480858737069725327e-04
8.700000000000000000e+03 5.300711535343074541e-06 8.281464970764494687e-06 8.959354612513169651e-07 9.897523842976182585e-07 3.486064630528616821e-04 4.911466180229109746e-06 8.065627588467305569e-06 8.959354612513169651e-07 9.897523842976182585e-07 3.486064630528616821e-04
8.800000000000000000e+03 3.430671967986073077e-06 6.743758496942554468e-06 1.054765033500336418e-05 5.078863114933843063e-08 3.506060198123371521e-04 2.822096995584807061e-06 6.415739230732193539e-06 1.054765033500336418e-05 5.078863114933843063e-08 3.506060198123371521e-04
8.900000000000000000e+03 7.894080663456490824e-06 7.487072687124707377e-06 1.371265528821527676e-04 4.290173304556801934e-06 3.503977868190516574e-04 8.134549589235907143e-06 6.968692756017065450e-06 1.371265528821527676e-04 4.290173304556801934e-06 3.503977868190516574e-04
9.000000000000000000e+03 3.752806790817191459e-05 4.676363974647372498e-05 3.395170744208993565e-05 9.177194140066704175e-06 3.673106641908432534e-04 3.786567377667170094e-05 4.817550957042419197e-05 3.395170744208993565e-05 9.177194140066704175e-06 3.673106641908432534e-04
9.100000000000000000e+03 8.608570503562444577e-06 1.016497071179677111e-05 1.635784926880998150e-06 2.848837656823495654e-07 3.462256930153971026e-04 8.419219424568269271e-06 1.024895557962971431e-05 1.635784926880998150e-06 2.848837656823495654e-07 3.462256930153971026e-04
9.200000000000000000e+03 8.356917192547407328e-05 6.786184235982149629e-05 2.534485479801554045e-06 1.768613796299086604e-07 3.515593492707331982e-04 8.436391268254868304e-05 7.046236344830899613e-05 2.534485479801554045e-06 1.768613796299086604e-07 3.515593492707331982e-04
9.300000000000000000e+03 2.863138856393885653e-06 5.360112041808091975e-06 1.231217939212158166e-06 6.127431255553808951e-08 3.468584097696554547e-04 2.105150810260074532e-06 5.137654750841954484e-06 1.231217939212158166e-06 6.127431255553808951e-08 3.468584097696554547e-04
9.400000000000000000e+03 4.286089503242307397e-06 6.091021957175383812e-06 2.108662338097017666e-06 7.633022994395505301e-07 3.458591820004950344e-04 4.055587382130575152e-06 5.818519424451429187e-06 2.108662338097017666e-06 7.633022994395505301e-07 3.458591820004950344e-04
9.500000000000000000e+03 1.286122883809799620e-05 2.519559062820371915e-05 1.124633201381252926e-05 5.361507826353247944e-06 4.385540057481522418e-04 1.331007549329708218e-05 2.481596694067071627e-05 1.124633201381252926e-05 5.361507826353247944e-06 4.385540057481522418e-04
9.600000000000000000e+03 2.047862030418010109e-05 1.188936292898016729e-05 1.274625433968367238e-05 3.526123344598037004e-06 3.564592693901356296e-04 2.113790316196727649e-05 1.175327483810703974e-05 1.274625433968367238e-05 3.526123344598037004e-06 3.564592693901356296e-04
9.700000000000000000e+03 2.854470847897329094e-06 5.177308771254978217e-06 2.459953656685674629e-06 5.363372367243299705e-08 3.476763774029143091e-04 2.370446930728588077e-06 5.151070041387801929e-06 2.459953656685674629e-06 5.363372367243299705e-08 3.476763774029143091e-04
9.800000000000000000e+03 3.045746716218349812e-06 1.052425906392372799e-05 1.343934504448026190e-06 1.879824241649798612e-07 3.809476590823441720e-04 2.279548953226774398e-06 1.022118632554194091e-05 1.343934504448026190e-06 1.879824241649798612e-07 3.809476590823441720e-04
9.900000000000000000e+03 4.164754754408935973e-06 4.897990245036188241e-06 5.444013257447475447e-07 1.636544352708100988e-07 3.450518547405583068e-04 3.900717180767356627e-06 4.686053885934558788e-06 5.444013257447475447e-07 1.636544352708100988e-07 3.450518547405583068e-04
1.000000000000000000e+04 2.510964371040519733e-06 8.704907626395161837e-06 2.686288845178128249e-05 8.424114420583166572e-08 3.613474563949993566e-04 2.028416408917075949e-06 8.450021974683298803e-06 2.686288845178128249e-05 8.424114420583166572e-08 3.613474563949993566e-04
1.010000000000000000e+04 8.447201505695956200e-06 1.245857935802085089e-05 3.832827804442056779e-06 1.226890846288686717e-06 4.055415625430861004e-04 8.426797017948308466e-06 1.181965203303962977e-05 3.832827804442056779e-06 1.226890846288686717e-06 4.055415625430861004e-04
1.020000000000000000e+04 1.143176782326095331e-05 1.104224453828290680e-05 3.626134231587953601e-06 4.018453370184940098e-06 3.500091079708567317e-04 1.190207550358900269e-05 1.047304402052053346e-05 3.626134231587953601e-06 4.018453370184940098e-06 3.500091079708567317e-04
1.030000000000000000e+04 3.159377923818116772e-06 5.290056353128001854e-06 1.059271615204107895e-05 1.358111118512798414e-07 3.439392623134056174e-04 2.565582777843633953e-06 5.170634740142816016e-06 1.059271615204107895e-05 1.358111118512798414e-07 3.439392623134056174e-04
1.040000000000000000e+04 2.056218126674105034e-06 4.382239521590630834e-06 1.343438952053183480e-06 7.176670142218702712e-10 3.435491580309293393e-04 1.742463616237288645e-06 4.289019263127907938e-06 1.343438952053183480e-06 7.176670142218702712e-10 3.435491580309293393e-04
1.050000000000000000e+04 3.139013621654583357e-06 1.063177796985121774e-05 1.739261393795337251e-07 4.855646646233788667e-07 3.712654035208031063e-04 2.889640764300843972e-06 1.031990904598357610e-05 1.739261393795337251e-07 4.855646646233788667e-07 3.712654035208031063e-04
1.060000000000000000e+04 3.226747683140753395e-06 4.968058994047016293e-06 4.310090851773375881e-05 6.631805839088315021e-08 3.439100931054678398e-04 2.986401922292203382e-06 4.764194102300523105e-06 4.310090851773375881e-05 6.631805839088315021e-08 3.439100931054678398e-04
1.070000000000000000e+04 2.471404354423082455e-06 4.901205019676655098e-06 1.951841906889877004e-07 2.171343898750210323e-07 3.428567440362950301e-04 1.977549539324045522e-06 4.830299802039055913e-06 1.951841906889877004e-07 2.171343898750210323e-07 3.428567440362950301e-04
1.080000000000000000e+04 2.924300310233222647e-06 5.101359851462453020e-06 7.613473694996900506e-08 1.591568003056852864e-07 3.432660135061655357e-04 2.126138415843847653e-06 4.963972156602118068e-06 7.613473694996900506e-08 1.591568003056852864e-07 3.432660135061655357e-04
1.090000000000000000e+04 5.129406814492424206e-06 3.562512055914850202e-06 1.022800579008078766e-04 4.137383022893487634e-08 3.813523354469354780e-04 5.051434714303523209e-06 3.642007924254975101e-06 1.022800579008078766e-04 4.137383022893487634e-08 3.813523354469354780e-04
1.100000000000000000e+04 8.786108231434453720e-06 4.605837846765968800e-06 2.025008627466843718e-05 7.174919561639966456e-07 3.596726806774416655e-04 9.121733795090404816e-06 4.698256827508679458e-06 2.025008627466843718e-05 7.174919561639966456e-07 3.596726806774416655e-04
1.110000000000000000e+04 8.198232130163008951e-06 9.611985364724405761e-06 1.004285312433857624e-06 1.537709704230865773e-06 4.571831407940271023e-04 8.197750790800372545e-06 1.013059595357362943e-05 1.004285312433857624e-06 1.537709704230865773e-06 4.571831407940271023e-04
1.120000000000000000e+04 3.830757047962494087e-06 7.268428068341195362e-06 3.364035555116671138e-05 4.010062520082128863e-09 3.430433172264127427e-04 3.711647565015425980e-06 7.336409735433359869e-06 3.364035555116671138e-05 4.010062520082128863e-09 3.430433172264127427e-04
1.130000000000000000e+04 1.716670437218952540e-06 4.200220431080581773e-06 8.790617081762854035e-09 3.827717367202852695e-08 3.426135558330304482e-04 1.462664602127444909e-06 4.134575962785053031e-06 8.790617081762854035e-09 3.827717367202852695e-08 3.426135558330304482e-04
1.140000000000000000e+04 2.107282865091282753e-06 5.585494942322970913e-06 1.622674920447886857e-05 3.591993797090881237e-08 3.478823805521091264e-04 1.897068221363899156e-06 5.707621466869014235e-06 1.622674920447886857e-05 3.591993797090881237e-08 3.478823805521091264e-04
1.150000000000000000e+04 1.290811636548860936e-05 1.141794034632065111e-05 1.393511124334887257e-09 1.673426674333129722e-06 3.500206047125601770e-04 1.252301964131234487e-05 1.147001890281931595e-05 1.393511124334887257e-09 1.673426674333129722e-06 3.500206047125601770e-04
1.160000000000000000e+04 6.462828211141366554e-06 7.344034583145912536e-06 1.475019634961714993e-06 7.845036349980041995e-07 3.531785004258571645e-04 5.911129633661603311e-06 7.148554276848753474e-06 1.475019634961714993e-06 7.845036349980041995e-07 3.531785004258571645e-04
1.170000000000000000e+04 5.056647771762201506e-06 7.559260526340358110e-06 1.337650335011423620e-05 3.385919453716456626e-08 3.427497203842841205e-04 5.025860826842925273e-06 7.649180697763700292e-06 1.337650335011423620e-05 3.385919453716456626e-08 3.427497203842841205e-04
1.180000000000000000e+04 8.545138921407719926e-06 8.876629702161356622e-06 3.039713259104110657e-05 1.981031722264448184e-06 3.445028322518212810e-04 8.172131809837196936e-06 8.778941539331749710e-06 3.039713259104110657e-05 1.981031722264448184e-06 3.445028322518212810e-04
1.190000000000000000e+04 1.580823686057277976e-05 1.240403714667507088e-05 1.717340339736044271e-07 2.645004588893404826e-07 3.605614889237505178e-04 1.260082625923588447e-05 1.216174681088973626e-05 1.717340339736044271e-07 2.645004588893404826e-07 3.605614889237505178e-04
1.200000000000000000e+04 2.925027558705074636e-06 5.157265589500584776e-06 7.510587436903081844e-08 5.740409196617197364e-07 3.428363459420623316e-04 2.860566227770720119e-06 5.067692639982778311e-06 7.510587436903081844e-08 5.740409196617197364e-07 3.428363459420623316e-04
1.210000000000000000e+04 2.251734569144929699e-05 2.103871547092033714e-05 1.509154831608712982e-05 3.293905946228845112e-06 3.569585526551976944e-04 2.276179164699913200e-05 2.152985445614967100e-05 1.509154831608712982e-05 3.293905946228845112e-06 3.569585526551976944e-04
1.220000000000000000e+04 9.642269142978242660e-06 5.810272626687174640e-06 9.799612706707137117e-05 4.115267020703986466e-06 3.449714438236190926e-04 1.029064951476425669e-05 5.624647703933043468e-06 9.799612706707137117e-05 4.115267020703986466e-06 3.449714438236190926e-04
1.230000000000000000e+04 6.306403007744599439e-06 5.261727408790514100e-06 1.429655195652619449e-07 2.189806052288301340e-06 3.780998985420869402e-04 6.138367693579955812e-06 5.379940264950331464e-06 1.429655195652619449e-07 2.189806052288301340e-06 3.780998985420869402e-04
1.240000000000000000e+04 2.207052835250027396e-05 7.952738570548580936e-06 5.559470838194481068e-07 6.698977591230050197e-06 3.772590839064445239e-04 2.363991611760737126e-05 7.486892534059747662e-06 5.559470838194481068e-07 6.698977591230050197e-06 3.772590839064445239e-04
1.250000000000000000e+04 2.135979863604455707e-06 7.891247473876876971e-06 4.866371631236919999e-05 5.677223709436215157e-07 3.890128106296341054e-04 2.319229020895285014e-06 8.416500570738504272e-06 4.866371631236919999e-05 5.677223709436215157e-07 3.890128106296341054e-04
1.260000000000000000e+04 9.613763275969519043e-06 4.947275843008969002e-06 3.079044233376460324e-06 3.978822833744128664e-06 3.532436957096434242e-04 1.033916492734965052e-05 4.662358145633009462e-06 3.079044233376460324e-06 3.978822833744128664e-06 3.532436957096434242e-04
1.270000000000000000e+04 2.222109415349259880e-06 4.312401422518565289e-06 2.288872502511194764e-06 1.076025825600942907e-06 3.415893430664763216e-04 2.054900020181587430e-06 4.227054201742993513e-06 2.288872502511194764e-06 1.076025825600942907e-06 3.415893430664763216e-04
1.280000000000000000e+04 5.311339719156604592e-06 1.113815729652443921e-05 5.955254467597201080e-06 1.639873257815959162e-06 3.432449297973341599e-04 5.281081701026720225e-06 1.142985376933163536e-05 5.955254467597201080e-06 1.639873257815959162e-06 3.432449297973341599e-04
1.290000000000000000e+04 1.610228971287469527e-05 2.096436444509498041e-05 2.909202771302498054e-04 7.996068306900133861e-06 3.670762999217122829e-04 1.615274322678450270e-05 2.196337393858071877e-05 2.909202771302498054e-04 7.996068306900133861e-06 3.670762999217122829e-04
1.300000000000000000e+04 1.579063344547935134e-05 1.298173680707267199e-05 2.039398283197157557e-04 3.032713700404130779e-06 4.608409031108148769e-04 1.564134063123651634e-05 1.245994470313672464e-05 2.039398283197157557e-04 3.032713700404130779e-06 4.608409031108148769e-04
1.310000000000000000e+04 1.390758789634471083e-06 3.403698871589957547e-06 3.341455012597876482e-07 4.028415715872895071e-08 3.568480912446530509e-04 1.344664376978370875e-06 3.597329764118412906e-06 3.341455012597876482e-07 4.028415715872895071e-08 3.568480912446530509e-04
1.320000000000000000e+04 2.768793030821798534e-04 6.632511870760422485e-05 1.536542526569568420e-05 1.524349169289750876e-04 6.566114127218266368e-04 2.652411992097381053e-04 6.768319900146979866e-05 1.536542526569568420e-05 1.524349169289750876e-04 6.566114127218266368e-04
1.330000000000000000e+04 1.248008072054237224e-06 4.163704315235925917e-06 4.253883030217856058e-08 3.367263095242865570e-08 3.411335028104699922e-04 1.080727533014944322e-06 3.972208122286694694e-06 4.253883030217856058e-08 3.367263095242865570e-08 3.411335028104699922e-04
1.340000000000000000e+04 9.601936176649464488e-07 3.976678305001527991e-06 2.332281443563932809e-11 2.135960064927513247e-09 3.403439444443537819e-04 8.651908362040660084e-07 3.867708586992734322e-06 2.332281443563932809e-11 2.135960064927513247e-09 3.403439444443537819e-04
1.350000000000000000e+04 8.870134979482978333e-07 3.873495833279308984e-06 9.869433225870961940e-12 2.447389767766787059e-09 3.400546985490698871e-04 8.313105425195224748e-07 3.813835439651810629e-06 9.869433225870961940e-12 2.447389767766787059e-09 3.400546985490698871e-04
1.360000000000000000e+04 7.069795911078235081e-06 1.944437489558993961e-05 2.292094186062743121e-05 2.708389451003602155e-06 5.489150177170104474e-04 6.727545965507111155e-06 1.885944342740938150e-05 2.292094186062743121e-05 2.708389451003602155e-06 5.489150177170104474e-04
1.370000000000000000e+04 9.400153068920180616e-07 3.877377269588026314e-06 2.129140306203975408e-09 3.254284255517485522e-09 3.398207489756603097e-04 7.926604324696668362e-07 3.815015120180451586e-06 2.129140306203975408e-09 3.254284255517485522e-09 3.398207489756603097e-04
1.380000000000000000e+04 1.530154837066222886e-06 4.283892479190829859e-06 1.085447819187824710e-07 9.345410351023561478e-08 3.404043742651490260e-04 1.450641820382796221e-06 4.234520064292027112e-06 1.085447819187824710e-07 9.345410351023561478e-08 3.404043742651490260e-04
1.390000000000000000e+04 1.530770140316251312e-06 5.185006441323285668e-06 6.881783378130338005e-07 2.812276395883182175e-07 3.456787310561288068e-04 1.359729021809916820e-06 5.135796086941072676e-06 6.881783378130338005e-07 2.812276395883182175e-07 3.456787310561288068e-04
1.400000000000000000e+04 3.811624153570525300e-06 5.934922219625604927e-06 1.338946350838082989e-05 1.528359941445924207e-06 3.404569280896037526e-04 3.704569930275361143e-06 5.946069893489331432e-06 1.338946350838082989e-05 1.528359941445924207e-06 3.404569280896037526e-04
1.410000000000000000e+04 8.160603080599755661e-07 3.725352203219730816e-06 5.595333128387650903e-08 2.311752582084511025e-08 3.393478945485862899e-04 7.105731205159117057e-07 3.707911695841172613e-06 5.595333128387650903e-08 2.311752582084511025e-08 3.393478945485862899e-04
1.420000000000000000e+04 9.669746894565522392e-07 3.403797910838938027e-06 8.901972121894306328e-06 3.039738778010823064e-08 3.399338867983091555e-04 9.360906205055148603e-07 3.427980594097189148e-06 8.901972121894306328e-06 3.039738778010823064e-08 3.399338867983091555e-04
1.430000000000000000e+04 3.229557781701339912e-06 7.136479900052442057e-06 2.639937353505395797e-05 1.273616181102972640e-06 3.607395781889735902e-04 3.261909328877052233e-06 6.949708001758606354e-06 2.639937353505395797e-05 1.273616181102972640e-06 3.607395781889735902e-04
1.440000000000000000e+04 3.340920645558635902e-06 2.655825258430809410e-06 4.022293948174632864e-06 6.861605051653484315e-07 3.513383011768886344e-04 3.413739106882211291e-06 2.742430798191176511e-06 4.022293948174632864e-06 6.861605051653484315e-07 3.513383011768886344e-04
1.450000000000000000e+04 2.156543162083505691e-06 5.474373001481381792e-06 6.176410316824737138e-08 1.185618135285944303e-06 3.411740697262681857e-04 2.186185742335296381e-06 5.660932721181652025e-06 6.176410316824737138e-08 1.185618135285944303e-06 3.411740697262681857e-04
1.460000000000000000e+04 9.479274839331267727e-07 2.795074566503117235e-06 8.577986881087073319e-07 3.523989842104084495e-09 3.417074401848388962e-04 8.768706534424268839e-07 2.887115003395190169e-06 8.577986881087073319e-07 3.523989842104084495e-09 3.417074401848388962e-04
1.470000000000000000e+04 6.992199217277814699e-06 9.902783833098758521e-06 1.369548910816289998e-05 3.173335540890440348e-06 3.682576880039846565e-04 7.220332962212027660e-06 9.587699793807101387e-06 1.369548910816289998e-05 3.173335540890440348e-06 3.682576880039846565e-04
1.480000000000000000e+04 9.444766131784055878e-06 1.379991471418962062e-05 5.952977741156300669e-05 5.589445351714265704e-06 3.503289252561965408e-04 9.664565270919220680e-06 1.446678730185205047e-05 5.952977741156300669e-05 5.589445351714265704e-06 3.503289252561965408e-04
1.490000000000000000e+04 4.095402597739814660e-02 1.417010452845351293e-02 3.264779854860910824e-01 4.584825275589587273e-02 1.528439781478544979e-01 4.058862238350687164e-03 4.672154753281617182e-03 3.264779854860910824e-01 4.584825275589587273e-02 1.528439781478544979e-01
1.500000000000000000e+04 1.884395363829175635e-03 5.442213233130035457e-04 4.807100306361204439e-07 2.477577233201846789e-05 1.448146926027761051e-02 1.918834331916638609e-03 3.369203603868069783e-04 4.807100306361204439e-07 2.477577233201846789e-05 1.448146926027761051e-02
1.510000000000000000e+04 8.085861103720961467e-04 8.615823155409072648e-04 3.653026016190829021e-08 2.652477981407281473e-06 1.071587262789159938e-02 8.154003975086141116e-04 6.082217971485919710e-04 3.653026016190829021e-08 2.652477981407281473e-06 1.071587262789159938e-02
1.520000000000000000e+04 3.982819299589820039e-04 6.139489408850660503e-04 8.137439564538982053e-10 1.160828921388963620e-06 6.452148166563601885e-03 4.028368061510453901e-04 5.069163051842265734e-04 8.137439564538982053e-10 1.160828921388963620e-06 6.452148166563601885e-03
1.530000000000000000e+04 1.835366406352606462e-04 3.335943778378599490e-04 1.613734220390693689e-09 4.278642717740488325e-07 3.221206856832279936e-03 1.884335628928511216e-04 3.231845042732312597e-04 1.613734220390693689e-09 4.278642717740488325e-07 3.221206856832279936e-03
1.540000000000000000e+04 1.293574199443723823e-04 2.698851531146539669e-04 1.621360607772607442e-09 2.514096025426948942e-07 1.846883701358626026e-03 1.316116588586020459e-04 2.690042544897664335e-04 1.621360607772607442e-09 2.514096025426948942e-07 1.846883701358626026e-03
1.550000000000000000e+04 1.097994997579186118e-04 2.289304718402001225e-04 1.083779623968568268e-09 1.968762718243310076e-07 1.402790583579373090e-03 1.096406255890430392e-04 2.245212671713720898e-04 1.083779623968568268e-09 1.968762718243310076e-07 1.402790583579373090e-03
1.560000000000000000e+04 8.913824638353206545e-05 1.892301519162319296e-04 1.396845659952890712e-09 1.577099393985423601e-07 1.219244714833060987e-03 8.843587413161278603e-05 1.827042446165411658e-04 1.396845659952890712e-09 1.577099393985423601e-07 1.219244714833060987e-03
1.570000000000000000e+04 7.086937580704840572e-05 1.590710728995408101e-04 1.671471638078669628e-09 1.316570913479697224e-07 1.114389979286410561e-03 7.000213164164961928e-05 1.512026960335375485e-04 1.671471638078669628e-09 1.316570913479697224e-07 1.114389979286410561e-03
1.580000000000000000e+04 5.658703905389110805e-05 1.363667293821094672e-04 1.771516535412018737e-09 1.155444880414168826e-07 1.041697356609387268e-03 5.561182920551447343e-05 1.277304657708270706e-04 1.771516535412018737e-09 1.155444880414168826e-07 1.041697356609387268e-03
1.590000000000000000e+04 4.562945647624240477e-05 1.184414741536568485e-04 1.736643105755373053e-09 1.055979929206635240e-07 9.862376169312559154e-04 4.459859101553263159e-05 1.094986896195585213e-04 1.736643105755373053e-09 1.055979929206635240e-07 9.862376169312559154e-04
1.600000000000000000e+04 3.717129750491190765e-05 1.039708616043407395e-04 1.604850916201291384e-09 9.956156372882033240e-08 9.414557343572356159e-04 3.614066008985312799e-05 9.506707658732215351e-05 1.604850916201291384e-09 9.956156372882033240e-08 9.414557343572356159e-04
1.610000000000000000e+04 3.060267647470749791e-05 9.224375414787066175e-05 1.406893975623891582e-09 9.617862264067153697e-08 9.038654947099581186e-04 2.961773262465030188e-05 8.362661329470064370e-05 1.406893975623891582e-09 9.617862264067153697e-08 9.038654947099581186e-04
1.620000000000000000e+04 2.548020870830628991e-05 8.278371840131116014e-05 1.172206259343536764e-09 9.470517549348643711e-08 8.714047235746294603e-04 2.456948035872924210e-05 7.461817443740539359e-05 1.172206259343536764e-09 9.470517549348643711e-08 8.714047235746294603e-04
1.630000000000000000e+04 2.146860982690979684e-05 7.521884518637461973e-05 9.271837084167964507e-10 9.465614536293025229e-08 8.427671704468001372e-04 2.064389380156388137e-05 6.760030525841330374e-05 9.271837084167964507e-10 9.465614536293025229e-08 8.427671704468001372e-04
1.640000000000000000e+04 1.831018545491285292e-05 6.923701038328579881e-05 6.926586685664530209e-10 9.568218486491373519e-08 8.170845263203816312e-04 1.757036706622940798e-05 6.220517812631443046e-05 6.926586685664530209e-10 9.568218486491373519e-08 8.170845263203816312e-04
1.650000000000000000e+04 1.580870361397023073e-05 6.456831402665676525e-05 4.832096309352784725e-10 9.750717587810403523e-08 7.937603160183053994e-04 1.514434159183236466e-05 5.812154060473601346e-05 4.832096309352784725e-10 9.750717587810403523e-08 7.937603160183053994e-04
1.660000000000000000e+04 1.381841110138181709e-05 6.097635126580483466e-05 3.079269968561778306e-10 9.989492020537963846e-08 7.723764003308411421e-04 1.321545549535084354e-05 5.508510899789586526e-05 3.079269968561778306e-10 9.989492020537963846e-08 7.723764003308411421e-04
1.670000000000000000e+04 1.223417225086396813e-05 5.825270398329551052e-05 1.716306102415227118e-10 1.026310343111195875e-07 7.526358275959791396e-04 1.167638188947348250e-05 5.287100179361828918e-05 1.716306102415227118e-10 1.026310343111195875e-07 7.526358275959791396e-04
1.680000000000000000e+04 1.098158728401553719e-05 5.621288961737773269e-05 7.589862810406394865e-11 1.055133794723175870e-07 7.343244598568846255e-04 1.045196551954008601e-05 5.128710547787630985e-05 7.589862810406394865e-11 1.055133794723175870e-07 7.343244598568846255e-04
1.690000000000000000e+04 1.000747677461490117e-05 5.469321147128084127e-05 1.975307298260430738e-11 1.083477721366348105e-07 7.172830734706190032e-04 9.489254019124987441e-06 5.016840376776775365e-05 1.975307298260430738e-11 1.083477721366348105e-07 7.172830734706190032e-04
1.700000000000000000e+04 9.271694731682125101e-06 5.354851829673304279e-05 1.261435523870635493e-13 1.109474611822826008e-07 7.013865034097729835e-04 8.749219715552936823e-06 4.937264053832348022e-05 1.261435523870635493e-13 1.109474611822826008e-07 7.013865034097729835e-04
1.710000000000000000e+04 8.741085257248341838e-06 5.265114208220227375e-05 1.228836028255702000e-11 1.131356150889345364e-07 6.865286567462851189e-04 8.200688348031668633e-06 4.877771659767065834e-05 1.228836028255702000e-11 1.131356150889345364e-07 6.865286567462851189e-04
1.720000000000000000e+04 8.385848478647252733e-06 5.189112482965497629e-05 5.035051550249457926e-11 1.147501522205397589e-07 6.726128387147206709e-04 7.816513139901846093e-06 4.828086777253987261e-05 5.035051550249457926e-11 1.147501522205397589e-07 6.726128387147206709e-04
1.730000000000000000e+04 8.177979840993811919e-06 5.117737964258315959e-05 1.078532944380737759e-10 1.156500086094706152e-07 6.595467123587626934e-04 7.571606963522097996e-06 4.779909229335284533e-05 1.078532944380737759e-10 1.156500086094706152e-07 6.595467123587626934e-04
1.740000000000000000e+04 8.091039977936616612e-06 5.043903336811641212e-05 1.783894917881749245e-10 1.157217003060687306e-07 6.472409968462161309e-04 7.442206412857425667e-06 4.726989332192425711e-05 1.783894917881749245e-10 1.157217003060687306e-07 6.472409968462161309e-04
1.750000000000000000e+04 8.100403632675314832e-06 4.962611391101863398e-05 2.561772607348062348e-10 1.148849593589930337e-07 6.356108716641520936e-04 7.405709952940230060e-06 4.665139369088908394e-05 2.561772607348062348e-10 1.148849593589930337e-07 6.356108716641520936e-04
1.760000000000000000e+04 8.183336978167151104e-06 4.870891618768166502e-05 3.365054458145172889e-10 1.130962864329432101e-07 6.245788855705679222e-04 7.440596388460211200e-06 4.592114133000425511e-05 3.365054458145172889e-10 1.130962864329432101e-07 6.245788855705679222e-04
1.770000000000000000e+04 8.318701084687634673e-06 4.767567292820285929e-05 4.159890351486995396e-10 1.103494898244806600e-07 6.140779580667749850e-04 7.526264529108691077e-06 4.507328315242346476e-05 4.159890351486995396e-10 1.103494898244806600e-07 6.140779580667749850e-04
1.780000000000000000e+04 8.486568553920474035e-06 4.652857842893549922e-05 4.926021572119955423e-10 1.066728141837875201e-07 6.040530688310683525e-04 7.643001438720241277e-06 4.411424467631985244e-05 4.926021572119955423e-10 1.066728141837875201e-07 6.040530688310683525e-04
1.790000000000000000e+04 8.668239267498118586e-06 4.527877319329620882e-05 5.655024581696217300e-10 1.021231398925179501e-07 5.944607833122502382e-04 7.772410863202261754e-06 4.305761217960134117e-05 5.655024581696217300e-10 1.021231398925179501e-07 5.944607833122502382e-04
1.800000000000000000e+04 8.846875606719818526e-06 4.394135606356631133e-05 6.347146582063753189e-10 9.677863798547550882e-08 5.852667866340312188e-04 7.898361601113231779e-06 4.191931878130334592e-05 6.347146582063753189e-10 9.677863798547550882e-08 5.852667866340312188e-04
1.810000000000000000e+04 9.008490015496125100e-06 4.253149654848093164e-05 7.007735404331399983e-10 9.073168109914818663e-08 5.764424889241774380e-04 8.008081046672609906e-06 4.071414847464298423e-05 7.007735404331399983e-10 9.073168109914818663e-08 5.764424889241774380e-04
1.820000000000000000e+04 9.142751290125475294e-06 4.106223122185495707e-05 7.644167714658614638e-10 8.408350034676646076e-08 5.679619424578187829e-04 8.092842055890464166e-06 3.945400532619407430e-05 7.644167714658614638e-10 8.408350034676646076e-08 5.679619424578187829e-04
1.830000000000000000e+04 9.243205703453771549e-06 3.954389487493184378e-05 8.263769825139548924e-10 7.694130208647932185e-08 5.597997990170793187e-04 8.147911452969964520e-06 3.814774760031941161e-05 8.263769825139548924e-10 7.694130208647932185e-08 5.597997990170793187e-04
1.840000000000000000e+04 9.306849782043705144e-06 3.798472140902929626e-05 8.872788126649673123e-10 6.941775046587941003e-08 5.519303457812776981e-04 8.171818129916425549e-06 3.680202035771738800e-05 8.872788126649673123e-10 6.941775046587941003e-08 5.519303457812776981e-04
1.850000000000000000e+04 9.333272739337745459e-06 3.639204554637809065e-05 9.471035882666974484e-10 6.162940989915066299e-08 5.443272469488260202e-04 8.165266284133713970e-06 3.542249451558830312e-05 9.471035882666974484e-10 6.162940989915066299e-08 5.443272469488260202e-04
1.860000000000000000e+04 1.336218095230114402e-05 3.193828381155134591e-05 5.691061774164039005e-06 2.451342969133106201e-06 5.447467985776480517e-04 1.075059399225928298e-05 3.083071839941856789e-05 5.691061774164039005e-06 2.451342969133106201e-06 5.447467985776480517e-04
1.870000000000000000e+04 1.014942434192544095e-05 3.344426515474798486e-05 3.588527151233120569e-10 3.999332211745434931e-08 5.334825906359829924e-04 8.031545653637789132e-06 3.293968878364095362e-05 3.588527151233120569e-10 3.999332211745434931e-08 5.334825906359829924e-04
1.880000000000000000e+04 9.873490028920942746e-06 3.176495333223662169e-05 1.017331236836461999e-09 3.651367377789422398e-08 5.262111370239912819e-04 7.938173291439413023e-06 3.147020795092413505e-05 1.017331236836461999e-09 3.651367377789422398e-08 5.262111370239912819e-04
1.890000000000000000e+04 9.738122630646658961e-06 3.018364956290359966e-05 1.097781849684018741e-09 3.015471038604636439e-08 5.191024344306670226e-04 7.880320183362329157e-06 3.005173505212841811e-05 1.097781849684018741e-09 3.015471038604636439e-08 5.191024344306670226e-04
1.900000000000000000e+04 9.615582280892322938e-06 2.862615093170716877e-05 1.168483822396121521e-09 2.386726564233586132e-08 5.121913389381444262e-04 7.802626322349230024e-06 2.864628948227074501e-05 1.168483822396121521e-09 2.386726564233586132e-08 5.121913389381444262e-04
1.910000000000000000e+04 3.149437394592449584e-04 6.562443488080844673e-04 4.973970539993623034e-03 1.131709010503361909e-03 1.025584289800902851e-03 2.412330755798627207e-04 6.761211150373299360e-04 4.973970539993623034e-03 1.131709010503361909e-03 1.025584289800902851e-03
1.920000000000000000e+04 1.472444527196836153e-05 2.586112225818340348e-05 7.857040087927065387e-08 6.595128526220008870e-08 5.058793653358753615e-04 7.954798284456946928e-06 2.594488256434438183e-05 7.857040087927065387e-08 6.595128526220008870e-08 5.058793653358753615e-04
1.930000000000000000e+04 1.184860253504844174e-05 2.478322956660052099e-05 1.207342590950609038e-09 7.790431519438050404e-09 4.977151592865790720e-04 7.500004298065652152e-06 2.507392195899336382e-05 1.207342590950609038e-09 7.790431519438050404e-09 4.977151592865790720e-04
1.940000000000000000e+04 1.092284682041165956e-05 2.352929318574876815e-05 1.204645177500640491e-09 4.825588636068091486e-09 4.904399182268059628e-04 7.321742313470614253e-06 2.391114446283534579e-05 1.204645177500640491e-09 4.825588636068091486e-09 4.904399182268059628e-04
1.950000000000000000e+04 1.036176728996119168e-05 2.228169216773845827e-05 1.289002607488577131e-09 2.282975143062096660e-09 4.836291392358860186e-04 7.135451550179314675e-06 2.273507887271916891e-05 1.289002607488577131e-09 2.282975143062096660e-09 4.836291392358860186e-04
1.960000000000000000e+04 9.906699620209235191e-06 2.104771288484178201e-05 1.368429176568994474e-09 5.662202671760282377e-10 4.771427515145787099e-04 6.932519210049266958e-06 2.154370397136534245e-05 1.368429176568994474e-09 5.662202671760282377e-10 4.771427515145787099e-04
1.970000000000000000e+04 9.483331475685808108e-06 1.987953875515475045e-05 1.444174145503634443e-09 2.713335590365561755e-12 4.708755915609560841e-04 6.708208904703965378e-06 2.037958061638336761e-05 1.444174145503634443e-09 2.713335590365561755e-12 4.708755915609560841e-04
1.980000000000000000e+04 4.160498733843410459e-05 1.978415326131246029e-05 8.071068434744053388e-06 1.435603891521350364e-06 4.745524214407948523e-04 1.586021069464925524e-05 1.939271968454933103e-05 8.071068434744053388e-06 1.435603891521350364e-06 4.745524214407948523e-04
1.990000000000000000e+04 1.520754928026337867e-05 1.957342343471703177e-05 2.423220258877164515e-09 2.494523301696259890e-10 4.644733326453933503e-04 6.548211218712329378e-06 1.967629118143927389e-05 2.423220258877164515e-09 2.494523301696259890e-10 4.644733326453933503e-04
2.000000000000000000e+04 1.225241121974773097e-05 1.906232583785382110e-05 1.116680459868229814e-09 2.426285096991304223e-09 4.566998590298624065e-04 5.997168239828583330e-06 1.927235800504596884e-05 1.116680459868229814e-09 2.426285096991304223e-09 4.566998590298624065e-04
2.010000000000000000e+04 1.093796118667205262e-05 1.826753006019425705e-05 1.235178223206573710e-09 6.089282919478290226e-09 4.501307279856687918e-04 5.688352898897639416e-06 1.843919135949007642e-05 1.235178223206573710e-09 6.089282919478290226e-09 4.501307279856687918e-04
2.020000000000000000e+04 1.001840729167163101e-05 1.747401989806126577e-05 1.347194976540133488e-09 1.166582720728396674e-08 4.441285539834850761e-04 5.424514348614260104e-06 1.752008737280941168e-05 1.347194976540133488e-09 1.166582720728396674e-08 4.441285539834850761e-04
2.030000000000000000e+04 9.258379026096184077e-06 1.681381611435083223e-05 1.456688872270487525e-09 1.893407260936469302e-08 4.384380478332829405e-04 5.164776192727873318e-06 1.667625714038909122e-05 1.456688872270487525e-09 1.893407260936469302e-08 4.384380478332829405e-04
2.040000000000000000e+04 3.446634022339594951e-05 1.745529394405396408e-05 5.267448453876158454e-07 1.757116966638017663e-05 4.471665912955580160e-04 1.889888762645058280e-05 1.718602887075523425e-05 5.267448453876158454e-07 1.757116966638017663e-05 4.471665912955580160e-04
2.050000000000000000e+04 1.292661105078518101e-05 1.337670862916484705e-05 8.909393956264966904e-10 3.035979300026485536e-08 4.356778668854985347e-04 4.961931380719018945e-06 1.258303945367826790e-05 8.909393956264966904e-10 3.035979300026485536e-08 4.356778668854985347e-04
2.060000000000000000e+04 1.055797950196253652e-05 1.436633663867425021e-05 1.747036526628724133e-09 3.414902829300008434e-08 4.283189400356246599e-04 4.537523672289779787e-06 1.355571539839004494e-05 1.747036526628724133e-09 3.414902829300008434e-08 4.283189400356246599e-04
2.070000000000000000e+04 9.341322076428939885e-06 1.485618967287478256e-05 1.799587937138414695e-09 4.695574717565876047e-08 4.223333925954473591e-04 4.338531276336306387e-06 1.390433426965235737e-05 1.799587937138414695e-09 4.695574717565876047e-08 4.223333925954473591e-04
2.080000000000000000e+04 5.641749434220077883e-05 2.073647503767623424e-05 3.505640686360611763e-05 7.842770513360436849e-06 4.328329254739220720e-04 2.696319208133164051e-05 1.856713047825448966e-05 3.505640686360611763e-05 7.842770513360436849e-06 4.328329254739220720e-04
2.090000000000000000e+04 1.392426412509985081e-05 1.725223180931294590e-05 4.834171153368044143e-09 4.508422121110606401e-08 4.138743978975302474e-04 3.991231090822102990e-06 1.643948383533758818e-05 4.834171153368044143e-09 4.508422121110606401e-08 4.138743978975302474e-04
2.100000000000000000e+04 1.068958355647060575e-05 1.685008489229137730e-05 1.236362839368416887e-09 5.779663598497547625e-08 4.086798695081383503e-04 3.528490113510605224e-06 1.592641651900762159e-05 1.236362839368416887e-09 5.779663598497547625e-08 4.086798695081383503e-04
2.110000000000000000e+04 9.166367513311228090e-06 1.655296385665424647e-05 1.461515927562222841e-09 7.194046892994525494e-08 4.042254111394592017e-04 3.506649962627253512e-06 1.540036383869788683e-05 1.461515927562222841e-09 7.194046892994525494e-08 4.042254111394592017e-04
2.120000000000000000e+04 5.737538054159629344e-05 2.352182502680894927e-05 8.140610600358962823e-08 1.243571664652381177e-05 4.679850942564709815e-04 1.146422153838163774e-05 2.109023133407999427e-05 8.140610600358962823e-08 1.243571664652381177e-05 4.679850942564709815e-04
2.130000000000000000e+04 1.477627384180559923e-05 1.305134701362132837e-05 1.131503031233089022e-09 1.104232095453289693e-07 4.057817358012348521e-04 4.214453308252302823e-06 1.171617724292987783e-05 1.131503031233089022e-09 1.104232095453289693e-07 4.057817358012348521e-04
2.140000000000000000e+04 1.000924458821369814e-05 1.493460342572666803e-05 1.751991660478151564e-09 6.930643973386098402e-08 3.989132230159115450e-04 3.421581689067378456e-06 1.377666765554755581e-05 1.751991660478151564e-09 6.930643973386098402e-08 3.989132230159115450e-04
2.150000000000000000e+04 8.637274083079679951e-06 1.580809206701303205e-05 8.906296466623698069e-10 8.106364989089369078e-08 3.941251068377519683e-04 3.626797372802776687e-06 1.460047976388168060e-05 8.906296466623698069e-10 8.106364989089369078e-08 3.941251068377519683e-04
2.160000000000000000e+04 1.512463685410195997e-05 1.897676578985100514e-05 8.821940464848995745e-07 1.794308992835118980e-07 3.921666725962153757e-04 3.128372284616619896e-06 1.802551297695927847e-05 8.821940464848995745e-07 1.794308992835118980e-07 3.921666725962153757e-04
2.170000000000000000e+04 1.023077225185333464e-05 1.659899849960093301e-05 1.718932102107276965e-09 6.838191201978034506e-08 3.883799636735500867e-04 3.318678821236463462e-06 1.575364548212697009e-05 1.718932102107276965e-09 6.838191201978034506e-08 3.883799636735500867e-04
2.180000000000000000e+04 8.809623637620121701e-06 1.646057850710448624e-05 1.631710343650683887e-09 8.165554940326029472e-08 3.848989943386350301e-04 3.677827540615264532e-06 1.551170733954269963e-05 1.631710343650683887e-09 8.165554940326029472e-08 3.848989943386350301e-04
2.190000000000000000e+04 4.065907676389829596e-05 7.302917679762907608e-05 1.527602467850962319e-05 3.849730374890830086e-07 5.638180416518101491e-04 2.326796469224852801e-05 6.882081983730929577e-05 1.527602467850962319e-05 3.849730374890830086e-07 5.638180416518101491e-04
2.200000000000000000e+04 1.239352700089761406e-05 1.559082596336180433e-05 4.164482165927394917e-11 2.454295121716020373e-08 3.852956912904356105e-04 3.602489014822007766e-06 1.541784233560433508e-05 4.164482165927394917e-11 2.454295121716020373e-08 3.852956912904356105e-04
2.210000000000000000e+04 9.243922742559427397e-06 1.532312368404470791e-05 1.391635375094763608e-09 5.207864474091962260e-08 3.806624582838660786e-04 3.562085640551358054e-06 1.515599485666115941e-05 1.391635375094763608e-09 5.207864474091962260e-08 3.806624582838660786e-04
2.220000000000000000e+04 3.511735972721509338e-05 1.323128582064274350e-05 1.080744188888723353e-05 4.137924314190153725e-07 3.868827792796034797e-04 1.641855418259331338e-05 1.116218437380644694e-05 1.080744188888723353e-05 4.137924314190153725e-07 3.868827792796034797e-04
2.230000000000000000e+04 1.024774632548798962e-05 1.457717838234726540e-05 2.833923024170331853e-09 4.319190502579892295e-08 3.782086116022881231e-04 3.696026997297565482e-06 1.430160138874229813e-05 2.833923024170331853e-09 4.319190502579892295e-08 3.782086116022881231e-04
2.240000000000000000e+04 8.742607335400336550e-06 1.512240200748682247e-05 1.581048850506654412e-09 5.547371164793297081e-08 3.745989281060344836e-04 4.045528959599710521e-06 1.491606599289609362e-05 1.581048850506654412e-09 5.547371164793297081e-08 3.745989281060344836e-04
2.250000000000000000e+04 8.928768247509091360e-05 1.068871081498036420e-04 2.766329023318253241e-04 1.291884615522603467e-05 3.853241315562777928e-04 6.110736964801358347e-05 1.124344148161971672e-04 2.766329023318253241e-04 1.291884615522603467e-05 3.853241315562777928e-04
2.260000000000000000e+04 1.017680448006197218e-05 1.447167632374753416e-05 2.613307641607947981e-11 4.577080986755410251e-08 3.725491998407930161e-04 3.909107097544411997e-06 1.470337381175092318e-05 2.613307641607947981e-11 4.577080986755410251e-08 3.725491998407930161e-04
2.270000000000000000e+04 8.340439670424604831e-06 1.452901012971045814e-05 1.734777833788113456e-08 7.419702233300894155e-09 3.695965264367762006e-04 3.922498676908526686e-06 1.483604620957120867e-05 1.734777833788113456e-08 7.419702233300894155e-09 3.695965264367762006e-04
2.280000000000000000e+04 1.014401431167050760e-05 1.290151203062146878e-05 9.242679935267046240e-08 5.519578213756432145e-08 3.736431215723689256e-04 3.345533612921944482e-06 1.324664399307621535e-05 9.242679935267046240e-08 5.519578213756432145e-08 3.736431215723689256e-04
2.290000000000000000e+04 8.057281147717454940e-06 1.333110110532796716e-05 9.215221147750318443e-10 3.394012442653001634e-08 3.688690923092033261e-04 3.790958896292716983e-06 1.366170416257055849e-05 9.215221147750318443e-10 3.394012442653001634e-08 3.688690923092033261e-04
2.300000000000000000e+04 3.030318671103368608e-05 6.270667459870795529e-05 1.388094287816091620e-05 1.081070173696366986e-06 4.308476181100661588e-04 1.406362699734302114e-05 6.100498056455511803e-05 1.388094287816091620e-05 1.081070173696366986e-06 4.308476181100661588e-04
2.310000000000000000e+04 8.383197769010013100e-06 1.289148949302786320e-05 2.620594218232812503e-10 1.780241509844836915e-08 3.662323259613124932e-04 3.421005690071110998e-06 1.349842141221076929e-05 2.620594218232812503e-10 1.780241509844836915e-08 3.662323259613124932e-04
2.320000000000000000e+04 7.218421944219905190e-06 1.309888062247956408e-05 1.019405082178561814e-09 2.741870618079894549e-08 3.632846231825195989e-04 3.606179102461321341e-06 1.373847332231205228e-05 1.019405082178561814e-09 2.741870618079894549e-08 3.632846231825195989e-04
2.330000000000000000e+04 1.319299299650159951e-05 9.128756704922512286e-06 2.934080981546616127e-06 5.942387481689239037e-07 3.713637948794918601e-04 4.492064078418989163e-06 9.453731777299793102e-06 2.934080981546616127e-06 5.942387481689239037e-07 3.713637948794918601e-04
2.340000000000000000e+04 7.101028262689011852e-06 1.162919873563349990e-05 1.330612660182588622e-09 1.620939655483963816e-08 3.630121640408222263e-04 3.206842418514016727e-06 1.208637322599048198e-05 1.330612660182588622e-09 1.620939655483963816e-08 3.630121640408222263e-04
2.350000000000000000e+04 1.841961040868074541e-05 1.249120439320404864e-05 5.939584634626323915e-07 2.720842638959030334e-06 3.667696911090837235e-04 4.606293113545220873e-06 1.397155489045598900e-05 5.939584634626323915e-07 2.720842638959030334e-06 3.667696911090837235e-04
2.360000000000000000e+04 6.783751274025184218e-06 1.119423226524764867e-05 8.171715939810469236e-10 1.553130106783181644e-08 3.595753724663872130e-04 2.679359851067518976e-06 1.178849958999213728e-05 8.171715939810469236e-10 1.553130106783181644e-08 3.595753724663872130e-04
2.370000000000000000e+04 5.596085734485075236e-06 1.116684852453481979e-05 1.026227425502875238e-09 2.154159559954309726e-08 3.571433287714535624e-04 2.591639352865606173e-06 1.180481617200801022e-05 1.026227425502875238e-09 2.154159559954309726e-08 3.571433287714535624e-04
2.380000000000000000e+04 7.842701688385883308e-06 1.010233631701819104e-05 1.879565438792615220e-07 1.256245494919668142e-07 3.583336982164309200e-04 3.187333558854360560e-06 1.061569583145304370e-05 1.879565438792615220e-07 1.256245494919668142e-07 3.583336982164309200e-04
2.390000000000000000e+04 7.404643735420377528e-06 1.030683343689483684e-05 4.155085662320752013e-07 4.496256730992042975e-08 3.565134651742304407e-04 1.935944424640220712e-06 1.022151488890088317e-05 4.155085662320752013e-07 4.496256730992042975e-08 3.565134651742304407e-04
2.400000000000000000e+04 5.069305149713991012e-06 1.008413581760172665e-05 2.178304407564836333e-09 5.459604302870470097e-08 3.537020485716991895e-04 2.029042227445303797e-06 1.034754721657010632e-05 2.178304407564836333e-09 5.459604302870470097e-08 3.537020485716991895e-04
2.410000000000000000e+04 5.373821561131666909e-06 9.222129915890117665e-06 2.887379107816864123e-08 2.166530617742395553e-08 3.544720409446669722e-04 1.900236053679511698e-06 9.788596636447021476e-06 2.887379107816864123e-08 2.166530617742395553e-08 3.544720409446669722e-04
