# step, loss_train, loss_test, metrics_test
0.000000000000000000e+00 1.239222077861000526e-01 8.121984139518600987e-02 9.800999999999999712e-01 1.000000000000000048e-04 5.188169643958773225e-01 1.205135606273701615e-01 8.182864328734525128e-02 9.800999999999999712e-01 1.000000000000000048e-04 5.188169643958773225e-01
1.000000000000000000e+02 1.766363954543989710e-04 7.645732658325660289e-05 2.190307934160828740e-07 9.869061835288422160e-06 1.664749778205756869e-03 7.683337478100618438e-05 6.461511180052587229e-05 2.190307934160828740e-07 9.869061835288422160e-06 1.664749778205756869e-03
2.000000000000000000e+02 1.207880773066464727e-04 5.735816999752085018e-05 5.751332324638061485e-09 3.533926350040158162e-10 1.572907289168800141e-03 5.003132122091419608e-05 5.540599325010282740e-05 5.751332324638061485e-09 3.533926350040158162e-10 1.572907289168800141e-03
3.000000000000000000e+02 1.078230608096518569e-04 4.821886701643324875e-05 2.815482748344518699e-09 7.539434663153929108e-11 1.461168052377860398e-03 4.966149394655214214e-05 4.833446084146389540e-05 2.815482748344518699e-09 7.539434663153929108e-11 1.461168052377860398e-03
4.000000000000000000e+02 9.635697891958124365e-05 4.427618277956461016e-05 1.590275210835281788e-09 1.258826429464310757e-10 1.328440247515172380e-03 4.813408080998333560e-05 4.481885020292712078e-05 1.590275210835281788e-09 1.258826429464310757e-10 1.328440247515172380e-03
5.000000000000000000e+02 8.408362295651500089e-05 4.164771532726659390e-05 8.563610950437278128e-10 1.258572728404369518e-10 1.175799935384516746e-03 4.471734949981141490e-05 4.196502333217964897e-05 8.563610950437278128e-10 1.258572728404369518e-10 1.175799935384516746e-03
6.000000000000000000e+02 7.118479344198676978e-05 3.809671365771259921e-05 3.312663043928798453e-10 5.699843106927727060e-11 1.019825819617424523e-03 3.977405554070408443e-05 3.810090986649883945e-05 3.312663043928798453e-10 5.699843106927727060e-11 1.019825819617424523e-03
7.000000000000000000e+02 5.868792453460778213e-05 3.334496619918704855e-05 5.694126487597775984e-11 7.045699332302030816e-11 8.762424272804087040e-04 3.418215515631255414e-05 3.330873349367367701e-05 5.694126487597775984e-11 7.045699332302030816e-11 8.762424272804087040e-04
8.000000000000000000e+02 4.736795887539250777e-05 2.819429635195837245e-05 4.660466994300335130e-12 8.403964513408114023e-11 7.531697624645010804e-04 2.869813629750202075e-05 2.860243824081783293e-05 4.660466994300335130e-12 8.403964513408114023e-11 7.531697624645010804e-04
9.000000000000000000e+02 3.765077066509911322e-05 2.413224700204730000e-05 8.949266951755719194e-11 8.183212127923795729e-11 6.571784866465012155e-04 2.352591266528914065e-05 2.521731980306743642e-05 8.949266951755719194e-11 8.183212127923795729e-11 6.571784866465012155e-04
1.000000000000000000e+03 4.258499227068742804e-05 2.125309536516133932e-05 1.569246530896117208e-08 7.473861250424297827e-07 1.402259555948256499e-03 2.937616371202899111e-05 2.315206532414742588e-05 1.569246530896117208e-08 7.473861250424297827e-07 1.402259555948256499e-03
1.100000000000000000e+03 2.591491793410962967e-05 1.612970685769422451e-05 1.028857126671219001e-10 3.108598345908952242e-10 6.662551640087258000e-04 1.522572960568111900e-05 1.676890194081046603e-05 1.028857126671219001e-10 3.108598345908952242e-10 6.662551640087258000e-04
1.200000000000000000e+03 2.059213162090573539e-05 1.551184371982262925e-05 1.690579100043149918e-10 3.811239301912206396e-10 5.842097711773791471e-04 1.265199006337684264e-05 1.667409543100531534e-05 1.690579100043149918e-10 3.811239301912206396e-10 5.842097711773791471e-04
1.300000000000000000e+03 1.712373504471065356e-05 1.478002250011478888e-05 1.573305049728978038e-10 1.957709109165270093e-10 5.377926379753807931e-04 1.093850034516860641e-05 1.627148967177270103e-05 1.573305049728978038e-10 1.957709109165270093e-10 5.377926379753807931e-04
1.400000000000000000e+03 2.289890439072254905e-05 1.239307011231311587e-05 7.750520260764425057e-09 3.073887605318553791e-07 9.302194981981666728e-04 1.728914735615990418e-05 1.350126435314640158e-05 7.750520260764425057e-09 3.073887605318553791e-07 9.302194981981666728e-04
1.500000000000000000e+03 1.457573385284488787e-05 7.387242029632869211e-06 8.375906639829997017e-11 5.876799947098895196e-10 5.900411625076889708e-04 7.703129830271466426e-06 7.689295849009490888e-06 8.375906639829997017e-11 5.876799947098895196e-10 5.900411625076889708e-04
1.600000000000000000e+03 1.311695935593892246e-05 8.490303876465762166e-06 1.332499466489402380e-10 3.349484125107555472e-10 5.336651767638726437e-04 8.439666929692148372e-06 9.309900223397638843e-06 1.332499466489402380e-10 3.349484125107555472e-10 5.336651767638726437e-04
1.700000000000000000e+03 1.235370540695382380e-05 8.953034961455589121e-06 8.735688624375616289e-11 1.670145771408305746e-10 5.090354915832987198e-04 8.461616786073442121e-06 9.903183763970720060e-06 8.735688624375616289e-11 1.670145771408305746e-10 5.090354915832987198e-04
1.800000000000000000e+03 1.169489614263663782e-05 8.565346636000593927e-06 3.875973222761389089e-11 5.825760974673874274e-11 4.975145855676931916e-04 8.077371769107673482e-06 9.386577294735979363e-06 3.875973222761389089e-11 5.825760974673874274e-11 4.975145855676931916e-04
1.900000000000000000e+03 1.103960625326243099e-05 7.851921155796258328e-06 1.419078750575106099e-11 7.728781498966720319e-12 4.917073771197193232e-04 7.609432646796510386e-06 8.445870657068154459e-06 1.419078750575106099e-11 7.728781498966720319e-12 4.917073771197193232e-04
2.000000000000000000e+03 1.110543081479582788e-05 4.219798166713134129e-06 2.309879613269888657e-10 2.308930621045006714e-09 5.908645994744343667e-04 4.913214794589456912e-06 4.226777054184047456e-06 2.309879613269888657e-10 2.308930621045006714e-09 5.908645994744343667e-04
2.100000000000000000e+03 1.197139890613941772e-05 6.124490010041923421e-06 5.668214603222836190e-11 4.492265145688391308e-10 5.151760861242878249e-04 8.365138822862566866e-06 6.542962194153559183e-06 5.668214603222836190e-11 4.492265145688391308e-10 5.151760861242878249e-04
2.200000000000000000e+03 1.263999326367196809e-05 7.188962602037886708e-06 4.415171733140341765e-11 2.686940828026446221e-10 4.950742654475911780e-04 9.623078817193876476e-06 7.722744530155765277e-06 4.415171733140341765e-11 2.686940828026446221e-10 4.950742654475911780e-04
2.300000000000000000e+03 1.235481175485599194e-05 7.080509663304035085e-06 1.817851311056256654e-11 1.300586438179391825e-10 4.883739175431364753e-04 9.442897609886895959e-06 7.562539042624309842e-06 1.817851311056256654e-11 1.300586438179391825e-10 4.883739175431364753e-04
2.400000000000000000e+03 1.163076527721131167e-05 6.546221884156647178e-06 7.106448054685164683e-12 5.256437830460566537e-11 4.857548882940367139e-04 8.861718955214776684e-06 6.933712795281733463e-06 7.106448054685164683e-12 5.256437830460566537e-11 4.857548882940367139e-04
2.500000000000000000e+03 1.073942439873381580e-05 6.037204962528541342e-06 3.374702149985692944e-12 1.726052167032262504e-11 4.846115911969292741e-04 8.193174912885103916e-06 6.325435249064108428e-06 3.374702149985692944e-12 1.726052167032262504e-11 4.846115911969292741e-04
2.600000000000000000e+03 9.821705671451126624e-06 5.647464260101805825e-06 2.078550203086044438e-12 3.920984758608588224e-12 4.840791103964651879e-04 7.531802849855155249e-06 5.849819894984847584e-06 2.078550203086044438e-12 3.920984758608588224e-12 4.840791103964651879e-04
2.700000000000000000e+03 8.946784622690680781e-06 5.360998891569895098e-06 1.546754051022405701e-12 2.933554858926741651e-13 4.838215857926933799e-04 6.906815616675138187e-06 5.496798511827789033e-06 1.546754051022405701e-12 2.933554858926741651e-13 4.838215857926933799e-04
2.800000000000000000e+03 8.141144920540332661e-06 5.146096261666305385e-06 1.255157632353119584e-12 1.037213688189120552e-13 4.836935624060094505e-04 6.324524935609929471e-06 5.233942182079028070e-06 1.255157632353119584e-12 1.037213688189120552e-13 4.836935624060094505e-04
2.900000000000000000e+03 7.409147371390793818e-06 4.977701255501516989e-06 1.035075433474315179e-12 5.542337096109408225e-13 4.836275249169268023e-04 5.783424814635819341e-06 5.032734625986489123e-06 1.035075433474315179e-12 5.542337096109408225e-13 4.836275249169268023e-04
3.000000000000000000e+03 1.049104622408005814e-05 7.208114401986509316e-06 1.876435526609599510e-08 1.891807535437453980e-07 5.829214364351420659e-04 6.175753347674343768e-06 5.495137129621836134e-06 1.876435526609599510e-08 1.891807535437453980e-07 5.829214364351420659e-04
3.100000000000000000e+03 1.006658437337853422e-05 5.343911278775195477e-06 4.558630087995672375e-11 2.028896388986481332e-10 4.872330599812896854e-04 8.209933440644648104e-06 5.443930392243137218e-06 4.558630087995672375e-11 2.028896388986481332e-10 4.872330599812896854e-04
3.200000000000000000e+03 9.030341601626470008e-06 5.120498841536846799e-06 1.827755613878476872e-11 1.004968183088440379e-10 4.845224619011625892e-04 7.314195423605627937e-06 5.192973649170850464e-06 1.827755613878476872e-11 1.004968183088440379e-10 4.845224619011625892e-04
3.300000000000000000e+03 7.839598585460140197e-06 4.698011981411971314e-06 1.147237019530630905e-11 3.696733602949336667e-11 4.841532941903209462e-04 6.301883627067949587e-06 4.783772641868106292e-06 1.147237019530630905e-11 3.696733602949336667e-11 4.841532941903209462e-04
3.400000000000000000e+03 6.849321767506944648e-06 4.454067944336177238e-06 8.192021577344713891e-12 1.180080139312279086e-11 4.840625497723141549e-04 5.486782251551050645e-06 4.543318261244392133e-06 8.192021577344713891e-12 1.180080139312279086e-11 4.840625497723141549e-04
3.500000000000000000e+03 6.049845269993014705e-06 4.308598145772115499e-06 5.794761661326363582e-12 2.999111838392593294e-12 4.840129359528934491e-04 4.829645343367876725e-06 4.394709142405180706e-06 5.794761661326363582e-12 2.999111838392593294e-12 4.840129359528934491e-04
3.600000000000000000e+03 5.389285949257985875e-06 4.209432229268289011e-06 3.931404864753494413e-12 4.816220293802395932e-13 4.839591258923434309e-04 4.282517794359051377e-06 4.290174206955908708e-06 3.931404864753494413e-12 4.816220293802395932e-13 4.839591258923434309e-04
3.700000000000000000e+03 4.827640367376419487e-06 4.133050593550890855e-06 2.544873578056642272e-12 1.163229069531142829e-14 4.838922179717404103e-04 3.814633956574904776e-06 4.208477660441329031e-06 2.544873578056642272e-12 1.163229069531142829e-14 4.838922179717404103e-04
3.800000000000000000e+03 4.339604479314193077e-06 4.069153989159291960e-06 1.558092654668869701e-12 3.845241765394883711e-14 4.838127501742041912e-04 3.407865063192860951e-06 4.140299326993488623e-06 1.558092654668869701e-12 3.845241765394883711e-14 4.838127501742041912e-04
3.900000000000000000e+03 3.909556436616672767e-06 4.013159230864006307e-06 8.816436598729928792e-13 1.223714078477880252e-13 4.837235629372606390e-04 3.051172868800470645e-06 4.081429862568129259e-06 8.816436598729928792e-13 1.223714078477880252e-13 4.837235629372606390e-04
4.000000000000000000e+03 3.527508275111081333e-06 3.962857922526247419e-06 4.379955768110707758e-13 2.052380869270425228e-13 4.836275033911054209e-04 2.737257915528169030e-06 4.029819660299793442e-06 4.379955768110707758e-13 2.052380869270425228e-13 4.836275033911054209e-04
4.100000000000000000e+03 3.186684648250489795e-06 3.916998791202571632e-06 1.688410181731020547e-13 3.345947120413040006e-13 4.835267236995716969e-04 2.460806462178037168e-06 3.984329143682345666e-06 1.688410181731020547e-13 3.345947120413040006e-13 4.835267236995716969e-04
4.200000000000000000e+03 2.882165011556506934e-06 3.874740516413994499e-06 3.287992936563574963e-14 6.033846251980050908e-13 4.834225896598920479e-04 2.217608728299489735e-06 3.944225881681880623e-06 3.287992936563574963e-14 6.033846251980050908e-13 4.834225896598920479e-04
4.300000000000000000e+03 1.551432234685011044e-05 2.289587014344178384e-05 7.781827857075232741e-07 2.104299605716175740e-06 9.156034869034192442e-04 1.430520548785309003e-05 8.658552761691749411e-06 7.781827857075232741e-07 2.104299605716175740e-06 9.156034869034192442e-04
4.400000000000000000e+03 3.612868292022566152e-06 3.574370070611640043e-06 1.021849569496319013e-10 1.498147897055890331e-10 4.846763997251442259e-04 2.844233327880435795e-06 3.599472273261515193e-06 1.021849569496319013e-10 1.498147897055890331e-10 4.846763997251442259e-04
4.500000000000000000e+03 2.899243151260449987e-06 3.423884435310399378e-06 4.242819380291472291e-12 1.520787628646692442e-12 4.843898636497006378e-04 2.230129391319954877e-06 3.482330495805716663e-06 4.242819380291472291e-12 1.520787628646692442e-12 4.843898636497006378e-04
4.600000000000000000e+03 2.491759488779125060e-06 3.398361567778608744e-06 1.630254446977730226e-12 1.229477898655264400e-11 4.841437772987822814e-04 1.897820128965920186e-06 3.479205395488158913e-06 1.630254446977730226e-12 1.229477898655264400e-11 4.841437772987822814e-04
4.700000000000000000e+03 2.202295871800889158e-06 3.393773020059764929e-06 4.157602629469717571e-13 2.509232423486235880e-11 4.838956452875518279e-04 1.667887889438517169e-06 3.493451042311906072e-06 4.157602629469717571e-13 2.509232423486235880e-11 4.838956452875518279e-04
4.800000000000000000e+03 1.968117777068449851e-06 3.399446114134310840e-06 2.346914973221992401e-14 3.759155352805371870e-11 4.836522233572362948e-04 1.487931858091213934e-06 3.518026650896621573e-06 2.346914973221992401e-14 3.759155352805371870e-11 4.836522233572362948e-04
4.900000000000000000e+03 1.768848015815515605e-06 3.409714836382155190e-06 5.588303217642068959e-14 5.107462916375070432e-11 4.834196216009484085e-04 1.340271146565274900e-06 3.548249825645514888e-06 5.588303217642068959e-14 5.107462916375070432e-11 4.834196216009484085e-04
5.000000000000000000e+03 1.596168755893072274e-06 3.421908764909105464e-06 3.085080234315503834e-13 6.695009186097903760e-11 4.831991696310704949e-04 1.216869413411359068e-06 3.581552173091600030e-06 3.085080234315503834e-13 6.695009186097903760e-11 4.831991696310704949e-04
5.100000000000000000e+03 1.445803278117753483e-06 3.434858705791311257e-06 6.799289447160070132e-13 8.626010293872417524e-11 4.829897788041454345e-04 1.113037194826476945e-06 3.616622389447325755e-06 6.799289447160070132e-13 8.626010293872417524e-11 4.829897788041454345e-04
5.200000000000000000e+03 1.314958520516204743e-06 3.447947035734756717e-06 1.117593550649967785e-12 1.097382139523858848e-10 4.827896817394144481e-04 1.025485989054858368e-06 3.652642427209629046e-06 1.117593550649967785e-12 1.097382139523858848e-10 4.827896817394144481e-04
5.300000000000000000e+03 9.758689668090361107e-06 4.369047679815163189e-06 8.715798439478070225e-05 3.041500088222083138e-08 8.861626007867565158e-04 9.087638612513439099e-06 3.135780207508113461e-06 8.715798439478070225e-05 3.041500088222083138e-08 8.861626007867565158e-04
5.400000000000000000e+03 1.613996244044472890e-06 2.878396413479777942e-06 7.703984806031081363e-10 1.079330124707218515e-10 4.841630941983070518e-04 1.201490024473947202e-06 3.076228825425731608e-06 7.703984806031081363e-10 1.079330124707218515e-10 4.841630941983070518e-04
5.500000000000000000e+03 1.360063578264278858e-06 3.003225851796448739e-06 4.677666747553033082e-13 1.474090969933098152e-10 4.836277473161834737e-04 9.940356954389732633e-07 3.223024234347685767e-06 4.677666747553033082e-13 1.474090969933098152e-10 4.836277473161834737e-04
5.600000000000000000e+03 1.217464838199807156e-06 3.103341263998152383e-06 7.950081865042821401e-15 2.096893369874259503e-10 4.832176125635319406e-04 8.924544468447514197e-07 3.358947792272024501e-06 7.950081865042821401e-15 2.096893369874259503e-10 4.832176125635319406e-04
5.700000000000000000e+03 1.104506228500941754e-06 3.188458693737846193e-06 2.165811675522114388e-13 2.696403440052030731e-10 4.828779354262698010e-04 8.202874223270827394e-07 3.482550612348019484e-06 2.165811675522114388e-13 2.696403440052030731e-10 4.828779354262698010e-04
5.800000000000000000e+03 1.008679245672383188e-06 3.259899143386497192e-06 7.490561571535192691e-13 3.317289951553637730e-10 4.825848904079747684e-04 7.637781832166551996e-07 3.591188681133687149e-06 7.490561571535192691e-13 3.317289951553637730e-10 4.825848904079747684e-04
5.900000000000000000e+03 9.264867201434742985e-07 3.319620311308969706e-06 1.364388740930514782e-12 3.962007317344400444e-10 4.823231256750041998e-04 7.179747914906909292e-07 3.685530349296592812e-06 1.364388740930514782e-12 3.962007317344400444e-10 4.823231256750041998e-04
6.000000000000000000e+03 8.561795459928694403e-07 3.368890996092163113e-06 1.985417893707262502e-12 4.629047762374778571e-10 4.820824901014955709e-04 6.802181306846581922e-07 3.766594430283949991e-06 1.985417893707262502e-12 4.629047762374778571e-10 4.820824901014955709e-04
6.100000000000000000e+03 1.820670261533553893e-06 2.818444126989089441e-06 1.779862976404278555e-07 5.660214748821349302e-13 4.968074325719212510e-04 1.487589969564564283e-06 2.981351280587372280e-06 1.779862976404278555e-07 5.660214748821349302e-13 4.968074325719212510e-04
6.200000000000000000e+03 1.043182356224843808e-06 2.874692242694599841e-06 1.034815476773307657e-11 6.677727342866131188e-10 4.831636564995422239e-04 7.878427656764279291e-07 3.288505004522163929e-06 1.034815476773307657e-11 6.677727342866131188e-10 4.831636564995422239e-04
6.300000000000000000e+03 9.016511904222328541e-07 3.030036742470264096e-06 1.990517920693887863e-13 6.440655304908397440e-10 4.826192124176696577e-04 6.685347015020302053e-07 3.477100277995450245e-06 1.990517920693887863e-13 6.440655304908397440e-10 4.826192124176696577e-04
6.400000000000000000e+03 8.112645213152870654e-07 3.157286428475336398e-06 9.394235946387166899e-14 7.427565371251927390e-10 4.822213123557862724e-04 6.056631663783238597e-07 3.645115590259717304e-06 9.394235946387166899e-14 7.427565371251927390e-10 4.822213123557862724e-04
6.500000000000000000e+03 7.415307175378890597e-07 3.253243200597537746e-06 5.805803594240814780e-13 8.340798196978567746e-10 4.818926772011322885e-04 5.645633458598379465e-07 3.777604445055230335e-06 5.805803594240814780e-13 8.340798196978567746e-10 4.818926772011322885e-04
6.600000000000000000e+03 9.093625845644828081e-07 3.415079073632092756e-06 2.829886408369207807e-10 2.950351960271870750e-08 4.818641908991226608e-04 6.221535445898066045e-07 4.078564297067859817e-06 2.829886408369207807e-10 2.950351960271870750e-08 4.818641908991226608e-04
6.700000000000000000e+03 7.842360223435978124e-07 3.332103231623515570e-06 2.224451650938125555e-10 4.974222299260555666e-10 4.815252956829946447e-04 5.410759500315714569e-07 3.945307959784476087e-06 2.224451650938125555e-10 4.974222299260555666e-10 4.815252956829946447e-04
6.800000000000000000e+03 8.018068061834136677e-07 3.224103414323591224e-06 1.068120093721707360e-08 8.414156913233662752e-09 4.825334793234766851e-04 5.629721355106202401e-07 3.791828350452947041e-06 1.068120093721707360e-08 8.414156913233662752e-09 4.825334793234766851e-04
6.900000000000000000e+03 6.849911970939956125e-07 3.258108331139681692e-06 9.017885649718056186e-13 1.108735874569189828e-09 4.813958530148814080e-04 4.763929270119319641e-07 3.847126064031252632e-06 9.017885649718056186e-13 1.108735874569189828e-09 4.813958530148814080e-04
7.000000000000000000e+03 6.697155735947929034e-06 6.705531618010868840e-06 3.949236123954019396e-05 2.480343590955017935e-06 5.078803988970122599e-04 6.557148143625589858e-06 7.518338381090423175e-06 3.949236123954019396e-05 2.480343590955017935e-06 5.078803988970122599e-04
7.100000000000000000e+03 7.187348245322689464e-07 3.166574832752814578e-06 7.745205569227174553e-10 1.539748384872951391e-09 4.813997865024981422e-04 4.916224472876662459e-07 3.777197044665190953e-06 7.745205569227174553e-10 1.539748384872951391e-09 4.813997865024981422e-04
7.200000000000000000e+03 6.333847837496834610e-07 3.277834625374108948e-06 8.471821575213870661e-13 1.321672853139832151e-09 4.808716811073099405e-04 4.323884639110573147e-07 3.913872705251178626e-06 8.471821575213870661e-13 1.321672853139832151e-09 4.808716811073099405e-04
7.300000000000000000e+03 7.683476303285436882e-06 8.560601147442708405e-06 5.320858089233206875e-06 7.209884675467474297e-07 7.839417509010771249e-04 3.441509180799159334e-06 3.217835123432334891e-06 5.320858089233206875e-06 7.209884675467474297e-07 7.839417509010771249e-04
7.400000000000000000e+03 6.444638645214029123e-07 3.204828004130616872e-06 8.768432776869447768e-09 2.533324026495412407e-09 4.807419221881394067e-04 4.155637693105325062e-07 3.871651674721543700e-06 8.768432776869447768e-09 2.533324026495412407e-09 4.807419221881394067e-04
7.500000000000000000e+03 2.289478285152984484e-06 4.062591746841290267e-06 3.150110708002374666e-06 9.948244531721203411e-07 5.224080679351736844e-04 2.120630554089733984e-06 4.426219436627056649e-06 3.150110708002374666e-06 9.948244531721203411e-07 5.224080679351736844e-04
7.600000000000000000e+03 5.754420722822189589e-07 3.292657972204595991e-06 6.496509551865742472e-09 2.318896965282687268e-09 4.800574380435636496e-04 3.887296713039132362e-07 3.990492546268770348e-06 6.496509551865742472e-09 2.318896965282687268e-09 4.800574380435636496e-04
7.700000000000000000e+03 5.700723588511576264e-07 3.372631599558029192e-06 6.015414195811403162e-09 4.231296485902754847e-10 4.800587888374757044e-04 3.850807274340286236e-07 4.081097090657434801e-06 6.015414195811403162e-09 4.231296485902754847e-10 4.800587888374757044e-04
7.800000000000000000e+03 5.553202081307938902e-07 3.300523209395463388e-06 7.788453419090368210e-07 1.464973080538147895e-08 4.797250813516647358e-04 3.622658330091076151e-07 4.015075995597139760e-06 7.788453419090368210e-07 1.464973080538147895e-08 4.797250813516647358e-04
7.900000000000000000e+03 5.417074481808490039e-07 3.284365508320698617e-06 4.086768125863886343e-08 2.324471827946222386e-10 4.793485056510373636e-04 3.526204380785870726e-07 4.013266804170487023e-06 4.086768125863886343e-08 2.324471827946222386e-10 4.793485056510373636e-04
8.000000000000000000e+03 5.477954921500807129e-07 3.205269422847698161e-06 1.039531928734118424e-07 3.312427195389252504e-09 4.800439051647401294e-04 3.538359800827607038e-07 3.938241992334889417e-06 1.039531928734118424e-07 3.312427195389252504e-09 4.800439051647401294e-04
8.100000000000000000e+03 4.972899578134013760e-07 3.238067813701631263e-06 1.094286779460893803e-08 3.785883913424269827e-08 4.812963228414425792e-04 2.994336462086059700e-07 3.988018870498240691e-06 1.094286779460893803e-08 3.785883913424269827e-08 4.812963228414425792e-04
8.200000000000000000e+03 1.015187091574875913e-05 1.175451495197796348e-05 2.767697511856941709e-06 3.122932694517890560e-07 8.387555190014555836e-04 1.027650384297375242e-05 9.810036933745821961e-06 2.767697511856941709e-06 3.122932694517890560e-07 8.387555190014555836e-04
8.300000000000000000e+03 4.616968039704980661e-07 3.252049388478153868e-06 9.624647766005897080e-08 2.156253963292128519e-09 4.777964027077519151e-04 2.934998932880469573e-07 3.989735950825948037e-06 9.624647766005897080e-08 2.156253963292128519e-09 4.777964027077519151e-04
8.400000000000000000e+03 9.317029137251817426e-07 2.981525024924991629e-06 9.902729701386771471e-07 1.008762777762379551e-07 4.875926186589243450e-04 7.798995840838299130e-07 3.568039599216303569e-06 9.902729701386771471e-07 1.008762777762379551e-07 4.875926186589243450e-04
8.500000000000000000e+03 4.971685605911020103e-07 3.280950190091244886e-06 4.796285382139445393e-07 2.156310971729234916e-08 4.773756805318519971e-04 3.144360352420348127e-07 4.084077222352380272e-06 4.796285382139445393e-07 2.156310971729234916e-08 4.773756805318519971e-04
8.600000000000000000e+03 1.119416376636101346e-06 3.004764599371566700e-06 2.042552327878357016e-05 3.109072638515643556e-07 4.921763582447069964e-04 9.577620035449023115e-07 3.580430491304684760e-06 2.042552327878357016e-05 3.109072638515643556e-07 4.921763582447069964e-04
8.700000000000000000e+03 8.211798809137911476e-07 3.684189436421292194e-06 2.901506893196866790e-09 5.045642386846650501e-08 4.821581215211950713e-04 6.720131965089219520e-07 4.421473086630885310e-06 2.901506893196866790e-09 5.045642386846650501e-08 4.821581215211950713e-04
8.800000000000000000e+03 4.250566415608210575e-07 3.239232681120749324e-06 5.485123693867658683e-08 1.017600179090825954e-08 4.728097176448082498e-04 2.544192059440006959e-07 4.066477935386689230e-06 5.485123693867658683e-08 1.017600179090825954e-08 4.728097176448082498e-04
8.900000000000000000e+03 4.232280445394355369e-07 3.211791183583000276e-06 5.424562276090710050e-08 6.266772078455669743e-10 4.711427132495536263e-04 2.326712529053669618e-07 4.033588022251680356e-06 5.424562276090710050e-08 6.266772078455669743e-10 4.711427132495536263e-04
9.000000000000000000e+03 3.055712038185296999e-06 5.373184877262983989e-06 1.171353307238091269e-05 5.181488979417298147e-08 4.921824513856380397e-04 2.716677687070988798e-06 6.041425564311688077e-06 1.171353307238091269e-05 5.181488979417298147e-08 4.921824513856380397e-04
9.100000000000000000e+03 4.849518304750575607e-07 3.199198419065501153e-06 1.184498634810560687e-11 2.135144022380870907e-09 4.656468468564493933e-04 3.039053636175480980e-07 4.007687589844958939e-06 1.184498634810560687e-11 2.135144022380870907e-09 4.656468468564493933e-04
9.200000000000000000e+03 1.522529092074377438e-05 1.162761583602302799e-05 4.451482098124364482e-06 2.634681762706708246e-07 4.776706054853295438e-04 1.449148392606299512e-05 1.277933551168193135e-05 4.451482098124364482e-06 2.634681762706708246e-07 4.776706054853295438e-04
9.300000000000000000e+03 1.811944877428977951e-06 4.151463408037787212e-06 4.117493583569887411e-05 1.494674796057824302e-06 4.822562216029985097e-04 1.569528467084781219e-06 4.935329472856957811e-06 4.117493583569887411e-05 1.494674796057824302e-06 4.822562216029985097e-04
9.400000000000000000e+03 3.960534665217784337e-06 5.198467041479004386e-06 1.209468187179225151e-05 1.883287305482243639e-06 5.233319279228273698e-04 3.878923223370311263e-06 5.967422574397500461e-06 1.209468187179225151e-05 1.883287305482243639e-06 5.233319279228273698e-04
9.500000000000000000e+03 2.854393934401781987e-06 6.121587657440052657e-06 9.584597938639434608e-05 1.949251486715557451e-06 4.535750486774504779e-04 2.624260041768343386e-06 6.600937008529237381e-06 9.584597938639434608e-05 1.949251486715557451e-06 4.535750486774504779e-04
9.600000000000000000e+03 1.888270311109082017e-05 1.219530702995015405e-05 1.040867124555691252e-07 2.019391870279054197e-06 9.792378925051010638e-04 1.921028803751026983e-05 7.517406946575678120e-06 1.040867124555691252e-07 2.019391870279054197e-06 9.792378925051010638e-04
9.700000000000000000e+03 3.658425377623488706e-06 8.188407139856871219e-06 1.738124647210372568e-07 1.117887109049828903e-09 3.943700267946540134e-04 3.424694412065324518e-06 7.782115717719782070e-06 1.738124647210372568e-07 1.117887109049828903e-09 3.943700267946540134e-04
9.800000000000000000e+03 3.648062269674117619e-06 1.037661924646042978e-05 3.930359736010568767e-08 1.237147554035289629e-09 3.788803220155748000e-04 3.500920110727407027e-06 9.478288974402742544e-06 3.930359736010568767e-08 1.237147554035289629e-09 3.788803220155748000e-04
9.900000000000000000e+03 3.190004538020884128e-06 1.273386792390844957e-05 1.984024255603216469e-09 7.585167987783283880e-09 3.643450083154446554e-04 3.085662577808445556e-06 1.153423073308309650e-05 1.984024255603216469e-09 7.585167987783283880e-09 3.643450083154446554e-04
1.000000000000000000e+04 2.249609200150330079e-06 1.459025697546501874e-05 8.885932096220351209e-09 1.618193644332250361e-09 3.549163271168185381e-04 2.136584541892420513e-06 1.335576617307213343e-05 8.885932096220351209e-09 1.618193644332250361e-09 3.549163271168185381e-04
1.010000000000000000e+04 1.543556367086924787e-06 1.517833698902474971e-05 1.043740523019990711e-09 2.567199370101174810e-09 3.406729443851645592e-04 1.394604745458837444e-06 1.413493899269550888e-05 1.043740523019990711e-09 2.567199370101174810e-09 3.406729443851645592e-04
1.020000000000000000e+04 1.286178690391815477e-05 2.455594782555483958e-05 1.323222883389398941e-04 3.318330834950879925e-06 3.896123281952089748e-04 1.303914288773542498e-05 2.344650531106422055e-05 1.323222883389398941e-04 3.318330834950879925e-06 3.896123281952089748e-04
1.030000000000000000e+04 1.078135885153510898e-06 1.668103815541019567e-05 2.436942988686006050e-06 5.421062334275593837e-07 3.300208627440225323e-04 8.253834591949120194e-07 1.625786381115642404e-05 2.436942988686006050e-06 5.421062334275593837e-07 3.300208627440225323e-04
1.040000000000000000e+04 3.143152555106251583e-06 1.734735580400838256e-05 2.864793615784246527e-06 4.007916916906087497e-07 3.481174813770407687e-04 3.137332784021338385e-06 1.707990314302527780e-05 2.864793615784246527e-06 4.007916916906087497e-07 3.481174813770407687e-04
1.050000000000000000e+04 1.287747962444972848e-05 1.836546670040515669e-05 9.767253918987360452e-07 3.503589424017751663e-06 4.382950134093588595e-04 1.347367763543083540e-05 1.711402133431368219e-05 9.767253918987360452e-07 3.503589424017751663e-06 4.382950134093588595e-04
1.060000000000000000e+04 8.122322271510292943e-05 5.687581760243794172e-05 1.699717922901227394e-06 1.868290399605934734e-06 1.597652137158359293e-03 6.948035164758766826e-05 5.597911007575898063e-05 1.699717922901227394e-06 1.868290399605934734e-06 1.597652137158359293e-03
1.070000000000000000e+04 2.449004997160708741e-05 6.752074929528305075e-05 8.157605071092344606e-09 1.564201800591575204e-08 1.231405409943017552e-03 1.449012559770684473e-05 7.126433744696808773e-05 8.157605071092344606e-09 1.564201800591575204e-08 1.231405409943017552e-03
1.080000000000000000e+04 3.411629102679843449e-05 4.735108474776024971e-05 9.606382009638177687e-10 1.639962508341898269e-10 6.180512710758829815e-04 3.229383215358020564e-05 5.139203364814441606e-05 9.606382009638177687e-10 1.639962508341898269e-10 6.180512710758829815e-04
1.090000000000000000e+04 2.321140485541042870e-05 2.034460120287403457e-05 6.400603357825639416e-10 1.684999805622418599e-09 4.880678606055191006e-04 2.189103106967721731e-05 2.228196917082530490e-05 6.400603357825639416e-10 1.684999805622418599e-09 4.880678606055191006e-04
1.100000000000000000e+04 1.442070874172761835e-05 9.664255554479388754e-06 5.165522589794715205e-12 1.990400538978240450e-09 4.822759461090566041e-04 1.357370296820296934e-05 1.093993433175032993e-05 5.165522589794715205e-12 1.990400538978240450e-09 4.822759461090566041e-04
1.110000000000000000e+04 1.045707379564231115e-05 6.313749762702901917e-06 2.754041185914659449e-11 4.311142878224710007e-09 4.814228080985288069e-04 9.841983540527524463e-06 7.435200844823205564e-06 2.754041185914659449e-11 4.311142878224710007e-09 4.814228080985288069e-04
1.120000000000000000e+04 7.681943951530950708e-06 4.801972604553839349e-06 4.499116526770997257e-11 3.648256416299696193e-09 4.810106279142846723e-04 7.212145942256675496e-06 5.873384120990467341e-06 4.499116526770997257e-11 3.648256416299696193e-09 4.810106279142846723e-04
1.130000000000000000e+04 5.969736307401749722e-06 4.194869841757379202e-06 4.586457382016188210e-11 3.622042651666836404e-09 4.801949764858498928e-04 5.603741007319026083e-06 5.318230806726045629e-06 4.586457382016188210e-11 3.622042651666836404e-09 4.801949764858498928e-04
1.140000000000000000e+04 4.802782245540549178e-06 3.933721351305392832e-06 3.994019525880509960e-11 3.605724125490824062e-09 4.791108941591763737e-04 4.518203461994178618e-06 5.126960433343457607e-06 3.994019525880509960e-11 3.605724125490824062e-09 4.791108941591763737e-04
1.150000000000000000e+04 4.219151968555664224e-06 3.994571354616678846e-06 1.551033421597610315e-12 8.697008176952569942e-10 4.776052034944940202e-04 3.989735207862988951e-06 5.377956086052265486e-06 1.551033421597610315e-12 8.697008176952569942e-10 4.776052034944940202e-04
1.160000000000000000e+04 3.498281874011374095e-06 3.815344310211193830e-06 2.808388958090356739e-11 3.617524846288226796e-09 4.759978142388748682e-04 3.327010999465961144e-06 5.136491392008718489e-06 2.808388958090356739e-11 3.617524846288226796e-09 4.759978142388748682e-04
1.170000000000000000e+04 3.006176780429755039e-06 3.782489512747093926e-06 2.513450647213066806e-11 3.638470026056450012e-09 4.743978441624663203e-04 2.874893521109274765e-06 5.111714501753985207e-06 2.513450647213066806e-11 3.638470026056450012e-09 4.743978441624663203e-04
1.180000000000000000e+04 2.665410815698158735e-06 3.766038498511434811e-06 2.218323916695747257e-11 3.622751893210263213e-09 4.726196384999695535e-04 2.563794181475550432e-06 5.094282852906174193e-06 2.218323916695747257e-11 3.622751893210263213e-09 4.726196384999695535e-04
1.190000000000000000e+04 2.433164824691031647e-06 3.746919698613398980e-06 1.945411082855699807e-11 3.590062982310918410e-09 4.706741590956846247e-04 2.352787301015535580e-06 5.064546239854482688e-06 1.945411082855699807e-11 3.590062982310918410e-09 4.706741590956846247e-04
1.200000000000000000e+04 2.289565628225541901e-06 3.723437153630815708e-06 1.689299958425306182e-11 3.544306768797941155e-09 4.685315815086091187e-04 2.223292065067195837e-06 5.024452113124769817e-06 1.689299958425306182e-11 3.544306768797941155e-09 4.685315815086091187e-04
1.210000000000000000e+04 2.255697592161954402e-06 3.600721041565317925e-06 2.679745405742092553e-10 1.892576789837012398e-08 4.669076764856372767e-04 2.190303752337818415e-06 4.859671114763164261e-06 2.679745405742092553e-10 1.892576789837012398e-08 4.669076764856372767e-04
1.220000000000000000e+04 2.315493988157420972e-06 3.687444586873397486e-06 1.282828187341630800e-11 3.565930274800153985e-09 4.632392682370226012e-04 2.263067158291245571e-06 4.974206080949114591e-06 1.282828187341630800e-11 3.565930274800153985e-09 4.632392682370226012e-04
1.230000000000000000e+04 2.328267174645082871e-06 3.682556131222742464e-06 9.255279822032307415e-12 3.349293486676520397e-09 4.602751716612749370e-04 2.271335004603810921e-06 4.946675024830456973e-06 9.255279822032307415e-12 3.349293486676520397e-09 4.602751716612749370e-04
1.240000000000000000e+04 2.419401804543504042e-06 3.714782270758442457e-06 6.556800434592092137e-12 3.279424589958340918e-09 4.568719666858915150e-04 2.357468826969752010e-06 4.974190386918795503e-06 6.556800434592092137e-12 3.279424589958340918e-09 4.568719666858915150e-04
1.250000000000000000e+04 2.558203583806596334e-06 3.788582649261117052e-06 4.029155025312728116e-12 3.216438990438059920e-09 4.529934842407027165e-04 2.489159722847978269e-06 5.056503064893988952e-06 4.029155025312728116e-12 3.216438990438059920e-09 4.529934842407027165e-04
1.260000000000000000e+04 2.725973412621271495e-06 3.921868424483685783e-06 1.993249988677972044e-12 3.164629083977993556e-09 4.485875329803858114e-04 2.648185615911422195e-06 5.212770496472126004e-06 1.993249988677972044e-12 3.164629083977993556e-09 4.485875329803858114e-04
1.270000000000000000e+04 2.897824245927412758e-06 4.134140332611437641e-06 6.573150617164239301e-13 3.127544486079283508e-09 4.436150485715488695e-04 2.810901063316577501e-06 5.463169213431647646e-06 6.573150617164239301e-13 3.127544486079283508e-09 4.436150485715488695e-04
1.280000000000000000e+04 3.295023341930874462e-06 4.685437239264467558e-06 5.668555162196694402e-08 2.820183925714738831e-07 4.453883721945626172e-04 3.090818688471744138e-06 6.153453758916292086e-06 5.668555162196694402e-08 2.820183925714738831e-07 4.453883721945626172e-04
1.290000000000000000e+04 3.161285776751101156e-06 4.875089601940787632e-06 5.301750348177570358e-12 2.651066228736673091e-09 4.318592516966716834e-04 3.060489844690869474e-06 6.331116208497088662e-06 5.301750348177570358e-12 2.651066228736673091e-09 4.318592516966716834e-04
1.300000000000000000e+04 3.104581001213156161e-06 5.373782568572304997e-06 2.764491600004987602e-13 3.090648924858002393e-09 4.254620761309707631e-04 3.009621877350744067e-06 6.862749833658588646e-06 2.764491600004987602e-13 3.090648924858002393e-09 4.254620761309707631e-04
1.310000000000000000e+04 2.962662511171846134e-06 5.970447136869469510e-06 6.229356565375392556e-13 3.112323168946414386e-09 4.186778604895959217e-04 2.885301067583653017e-06 7.471888749556233978e-06 6.229356565375392556e-13 3.112323168946414386e-09 4.186778604895959217e-04
1.320000000000000000e+04 2.832795041053974970e-06 6.854612261020207549e-06 2.121785828919652701e-09 6.169931383937036393e-10 4.116324845626924260e-04 2.782621755987047578e-06 8.477544748618333893e-06 2.121785828919652701e-09 6.169931383937036393e-10 4.116324845626924260e-04
1.330000000000000000e+04 2.474550407591583673e-06 7.424935813117063393e-06 1.402703038004660153e-12 3.123706909029693823e-09 4.046511769485603089e-04 2.445918087563068351e-06 8.846452100984710757e-06 1.402703038004660153e-12 3.123706909029693823e-09 4.046511769485603089e-04
1.340000000000000000e+04 3.157249901603839720e-06 1.054339902121541602e-05 3.890796575719089855e-05 2.395995824297051603e-05 4.546689111308491313e-04 3.164926676429102409e-06 1.168672525153499498e-05 3.890796575719089855e-05 2.395995824297051603e-05 4.546689111308491313e-04
1.350000000000000000e+04 1.824140242473813825e-06 9.119655753606431561e-06 5.296050335340444142e-11 4.495825084428939423e-09 3.913605541748877217e-04 1.810944287165591687e-06 1.034615354713635906e-05 5.296050335340444142e-11 4.495825084428939423e-09 3.913605541748877217e-04
1.360000000000000000e+04 1.576923002705755368e-06 1.015273126700892882e-05 2.294703709065622361e-13 3.537349978502962639e-09 3.841235281161017889e-04 1.590928314888800451e-06 1.124733028160794511e-05 2.294703709065622361e-13 3.537349978502962639e-09 3.841235281161017889e-04
1.370000000000000000e+04 1.570105408795547043e-06 1.090290862733497305e-05 6.837134454133055200e-09 5.062150414485270968e-09 3.803733281484009067e-04 1.633934770738825189e-06 1.203841282658846635e-05 6.837134454133055200e-09 5.062150414485270968e-09 3.803733281484009067e-04
1.380000000000000000e+04 1.898046365697596458e-06 1.217441950161995037e-05 4.054192263588423441e-05 1.810106176418545279e-05 3.743601641398097224e-04 1.445155331717278732e-06 1.350503813911731220e-05 4.054192263588423441e-05 1.810106176418545279e-05 3.743601641398097224e-04
1.390000000000000000e+04 1.161547250903907503e-06 1.312202086949620386e-05 1.117853429609537761e-12 3.530156531341223100e-09 3.652827985712982575e-04 1.080268390537924533e-06 1.402962136798707842e-05 1.117853429609537761e-12 3.530156531341223100e-09 3.652827985712982575e-04
1.400000000000000000e+04 1.515482386677943348e-06 1.291100664386443629e-05 3.760156078682724678e-09 6.812910881330400478e-09 3.670995393688562900e-04 1.544306572635600284e-06 1.392759985261497319e-05 3.760156078682724678e-09 6.812910881330400478e-09 3.670995393688562900e-04
1.410000000000000000e+04 1.080004932520768065e-06 1.400907522568563470e-05 5.357857864245348906e-10 1.771918958852771563e-09 3.575349505499324492e-04 1.026865044627292806e-06 1.488402629304930294e-05 5.357857864245348906e-10 1.771918958852771563e-09 3.575349505499324492e-04
1.420000000000000000e+04 1.064180618769256803e-06 1.503972721480048765e-05 2.303005021278244968e-08 2.197837587383588999e-09 3.512375581385583862e-04 7.538695292221970697e-07 1.585489265777849312e-05 2.303005021278244968e-08 2.197837587383588999e-09 3.512375581385583862e-04
1.430000000000000000e+04 9.630082639415200458e-07 1.634970426123777277e-05 1.540651420907101684e-11 4.248901585575060106e-09 3.446828620928649406e-04 8.109780482646097440e-07 1.717208622465146012e-05 1.540651420907101684e-11 4.248901585575060106e-09 3.446828620928649406e-04
1.440000000000000000e+04 1.612607472641181098e-06 1.528811590488929681e-05 1.086409791781031559e-08 1.361620484380465172e-07 3.475379669299352931e-04 1.350668716608464488e-06 1.623151496171985677e-05 1.086409791781031559e-08 1.361620484380465172e-07 3.475379669299352931e-04
1.450000000000000000e+04 1.075863032537141590e-06 1.644417130126875001e-05 1.406239285401324067e-11 3.736894796722261447e-09 3.396456894476482420e-04 8.831164759353249161e-07 1.733608779623240648e-05 1.406239285401324067e-11 3.736894796722261447e-09 3.396456894476482420e-04
1.460000000000000000e+04 1.233184644013537592e-06 1.725888352061629395e-05 4.029160346290687396e-05 1.130790390020479556e-05 3.360431241649294853e-04 1.377042142384840832e-06 1.787320417444014493e-05 4.029160346290687396e-05 1.130790390020479556e-05 3.360431241649294853e-04
1.470000000000000000e+04 9.628974398863147890e-07 1.692340350230250070e-05 1.490924401622554779e-08 6.177100690682841955e-12 3.333679467809153268e-04 5.989183894648306097e-07 1.765520269390116628e-05 1.490924401622554779e-08 6.177100690682841955e-12 3.333679467809153268e-04
1.480000000000000000e+04 1.265597896908537487e-06 1.641712376765747485e-05 2.659400788000887694e-07 2.684355439761237518e-08 3.333505124937489344e-04 9.950615477537155041e-07 1.721289957952643377e-05 2.659400788000887694e-07 2.684355439761237518e-08 3.333505124937489344e-04
1.490000000000000000e+04 9.096226556854947225e-07 1.653489266876935913e-05 1.073269981252290619e-11 3.388061813303134412e-09 3.298678970567238433e-04 6.653174522621580732e-07 1.735226323017187113e-05 1.073269981252290619e-11 3.388061813303134412e-09 3.298678970567238433e-04
1.500000000000000000e+04 7.554955234982807575e-07 1.627251413105967873e-05 3.765731650055057236e-09 2.414964256755973306e-08 3.281095969689628005e-04 5.595647221734260178e-07 1.704279745964521793e-05 3.765731650055057236e-09 2.414964256755973306e-08 3.281095969689628005e-04
1.510000000000000000e+04 1.360676697745305999e-06 1.560183125941988467e-05 2.427361471571363902e-09 1.322506736553331049e-08 3.288936899432595576e-04 8.405807837731448952e-07 1.642428437950544214e-05 2.427361471571363902e-09 1.322506736553331049e-08 3.288936899432595576e-04
1.520000000000000000e+04 8.741122280454025729e-07 1.555241100327582924e-05 3.448205097171966567e-11 2.680430487117239922e-09 3.264840874568405841e-04 5.394671994132789188e-07 1.633847444080470921e-05 3.448205097171966567e-11 2.680430487117239922e-09 3.264840874568405841e-04
1.530000000000000000e+04 1.217693532734551254e-06 1.446485807753177624e-05 1.345178821576027923e-06 8.688840867000801766e-07 3.283152049323937848e-04 5.095667177592644837e-07 1.497999113162373543e-05 1.345178821576027923e-06 8.688840867000801766e-07 3.283152049323937848e-04
1.540000000000000000e+04 8.306732348768683508e-07 1.471464169263683383e-05 7.872388160777282770e-12 5.782219737672692599e-09 3.248805320680790958e-04 5.188418440242137848e-07 1.538269145276781761e-05 7.872388160777282770e-12 5.782219737672692599e-09 3.248805320680790958e-04
1.550000000000000000e+04 1.875045267951949871e-06 1.449973303896367452e-05 7.930820462659541201e-07 5.124354010968863653e-06 3.264214014405705344e-04 1.499439871742764350e-06 1.529650743466485783e-05 7.930820462659541201e-07 5.124354010968863653e-06 3.264214014405705344e-04
1.560000000000000000e+04 6.919921428397360553e-07 1.436679367521316797e-05 1.558832466097945809e-12 5.235772160159870552e-09 3.231468385638920572e-04 4.291021992570011059e-07 1.508506843048278404e-05 1.558832466097945809e-12 5.235772160159870552e-09 3.231468385638920572e-04
1.570000000000000000e+04 6.085149368747044012e-07 1.411858835602595004e-05 4.416670806233639508e-07 7.430116877688956526e-08 3.217836494948297910e-04 4.177679973648311738e-07 1.484935841683977938e-05 4.416670806233639508e-07 7.430116877688956526e-08 3.217836494948297910e-04
1.580000000000000000e+04 9.033559095460733996e-07 1.361050082293639257e-05 1.180001975539459927e-08 3.804156558454748657e-09 3.220600695074137573e-04 5.262138116986307157e-07 1.427555938812520822e-05 1.180001975539459927e-08 3.804156558454748657e-09 3.220600695074137573e-04
1.590000000000000000e+04 2.755667487997643923e-06 1.327710075566046949e-05 2.185247779810509995e-09 1.372530502645048985e-07 3.395507943280766622e-04 2.239918297830562946e-06 1.365362890203496133e-05 2.185247779810509995e-09 1.372530502645048985e-07 3.395507943280766622e-04
1.600000000000000000e+04 7.312615087801178894e-07 1.337803383815260802e-05 3.140736628315235967e-11 3.208993696782849381e-09 3.201829308898324132e-04 4.680185360327142268e-07 1.421229828362018575e-05 3.140736628315235967e-11 3.208993696782849381e-09 3.201829308898324132e-04
1.610000000000000000e+04 3.940577750503481449e-06 1.603148808591214059e-05 1.052596565678297654e-07 2.836632566136305570e-05 3.385819932761778496e-04 3.715060465650724023e-06 1.670348664640372924e-05 1.052596565678297654e-07 2.836632566136305570e-05 3.385819932761778496e-04
1.620000000000000000e+04 8.354456168785262266e-07 1.299814706041262801e-05 7.010932428621357949e-11 1.504124790556310735e-08 3.192411263288384509e-04 4.661503462526337833e-07 1.394045609121956602e-05 7.010932428621357949e-11 1.504124790556310735e-08 3.192411263288384509e-04
1.630000000000000000e+04 7.544237985472097154e-07 1.244784638814553190e-05 3.922204442178191018e-09 3.645734919293991814e-09 3.181238793530330065e-04 5.131907264949681940e-07 1.341283164161875126e-05 3.922204442178191018e-09 3.645734919293991814e-09 3.181238793530330065e-04
1.640000000000000000e+04 8.595125410093665476e-07 1.197854248659690658e-05 1.032047301074764968e-08 1.337468475891867154e-08 3.184468761606482718e-04 5.368958156506040574e-07 1.277846521155862060e-05 1.032047301074764968e-08 1.337468475891867154e-08 3.184468761606482718e-04
1.650000000000000000e+04 9.172538832297636469e-06 1.598432105982459828e-05 7.016123032048336732e-07 1.774151608164170124e-06 5.475820890771260089e-04 8.981414511291130212e-06 1.364812713427383579e-05 7.016123032048336732e-07 1.774151608164170124e-06 5.475820890771260089e-04
1.660000000000000000e+04 7.899029412963435030e-07 1.154158861770741848e-05 8.719416596785523838e-10 5.661739723539663757e-09 3.172138368830160118e-04 5.244033025218287533e-07 1.250275803503187331e-05 8.719416596785523838e-10 5.661739723539663757e-09 3.172138368830160118e-04
1.670000000000000000e+04 7.704519639320612849e-07 1.087157433279130144e-05 5.042157589674431462e-11 6.519884050729864548e-09 3.162431633536703403e-04 5.712443969848061750e-07 1.188202435166599389e-05 5.042157589674431462e-11 6.519884050729864548e-09 3.162431633536703403e-04
1.680000000000000000e+04 1.159628054883048362e-06 1.080724605510042458e-05 2.671572317174737118e-10 2.450859747663749099e-07 3.172102256251803300e-04 6.644272442483221969e-07 1.185914834018446864e-05 2.671572317174737118e-10 2.450859747663749099e-07 3.172102256251803300e-04
1.690000000000000000e+04 8.488104682935843646e-07 1.023904534710271883e-05 1.316471261989026004e-11 6.582215137808647085e-09 3.155484893797925170e-04 5.659025296012685814e-07 1.130997324672951122e-05 1.316471261989026004e-11 6.582215137808647085e-09 3.155484893797925170e-04
1.700000000000000000e+04 1.916077312852568340e-06 9.658725996058993536e-06 1.474319275878728867e-06 4.738853592068659498e-07 3.182146924536161342e-04 9.335427233364697676e-07 1.035972507230737427e-05 1.474319275878728867e-06 4.738853592068659498e-07 3.182146924536161342e-04
1.710000000000000000e+04 8.362477839383815780e-07 9.527239514691624426e-06 6.610506904127420119e-12 9.544424097049222252e-09 3.149599246316325623e-04 5.798766789003991414e-07 1.052868931542870961e-05 6.610506904127420119e-12 9.544424097049222252e-09 3.149599246316325623e-04
1.720000000000000000e+04 7.649082486973024392e-07 9.124048293611605189e-06 1.654604055164718816e-08 1.837971039314866231e-07 3.150979302372725966e-04 5.643113675392934741e-07 1.006713686465598512e-05 1.654604055164718816e-08 1.837971039314866231e-07 3.150979302372725966e-04
1.730000000000000000e+04 9.514423192653313731e-07 9.315361411377668789e-06 5.112459829831820157e-12 4.215445688583815493e-08 3.139189652195368912e-04 5.970415174016363438e-07 1.051100182822004147e-05 5.112459829831820157e-12 4.215445688583815493e-08 3.139189652195368912e-04
1.740000000000000000e+04 8.926289225236908519e-07 8.622269275996208206e-06 3.156790794916629541e-11 1.059798309795095244e-08 3.130194902095714956e-04 6.277531040871835956e-07 9.830034417467486510e-06 3.156790794916629541e-11 1.059798309795095244e-08 3.130194902095714956e-04
1.750000000000000000e+04 1.096956367475813612e-06 9.231285677327178817e-06 9.045108443100751861e-07 2.806287074326847189e-07 3.162627901547632224e-04 7.624436239479197099e-07 9.952556537845084350e-06 9.045108443100751861e-07 2.806287074326847189e-07 3.162627901547632224e-04
1.760000000000000000e+04 8.840195947282926464e-07 8.203732785361748857e-06 1.820901152238085684e-11 1.163007488111996446e-08 3.120896395828796997e-04 6.381143226778670698e-07 9.375726327917563869e-06 1.820901152238085684e-11 1.163007488111996446e-08 3.120896395828796997e-04
1.770000000000000000e+04 1.881887756849007154e-06 8.740241363868513696e-06 5.103450826750084184e-08 5.692419489000534253e-06 3.236783073133260862e-04 1.067472668821640917e-06 9.813297166352518824e-06 5.103450826750084184e-08 5.692419489000534253e-06 3.236783073133260862e-04
1.780000000000000000e+04 9.259972216373360555e-07 8.134381207558724646e-06 1.982269416890528580e-10 8.740240141935919242e-09 3.108525837057671227e-04 6.439797188926164583e-07 9.502671263715490563e-06 1.982269416890528580e-10 8.740240141935919242e-09 3.108525837057671227e-04
1.790000000000000000e+04 1.177517541563304173e-06 8.522855983950603325e-06 9.731263075409146876e-07 5.333851386641057191e-08 3.114918515876724525e-04 8.511229878715353306e-07 9.528345486638501843e-06 9.731263075409146876e-07 5.333851386641057191e-08 3.114918515876724525e-04
1.800000000000000000e+04 1.028440876078978217e-06 7.683531866992897500e-06 8.368499830696622632e-09 6.426541097487470486e-10 3.107832859427026441e-04 7.626020272078285933e-07 9.156956861175138311e-06 8.368499830696622632e-09 6.426541097487470486e-10 3.107832859427026441e-04
1.810000000000000000e+04 8.386510369050813409e-07 7.986638874987426215e-06 3.675097169296870729e-07 5.813637782722040621e-08 3.094140403944874943e-04 6.141278699810025962e-07 9.394369868638382227e-06 3.675097169296870729e-07 5.813637782722040621e-08 3.094140403944874943e-04
1.820000000000000000e+04 9.619766633384866548e-07 8.263215961907669196e-06 3.308433845124280232e-08 1.597412162716505669e-09 3.123806253116065456e-04 6.941666287040114592e-07 9.412584411981482258e-06 3.308433845124280232e-08 1.597412162716505669e-09 3.123806253116065456e-04
1.830000000000000000e+04 1.507043020282049184e-06 8.217780696101853780e-06 2.967291032433568665e-06 2.191165278237820458e-07 3.126222412096189862e-04 1.055278669953541517e-06 9.253632459265061932e-06 2.967291032433568665e-06 2.191165278237820458e-07 3.126222412096189862e-04
1.840000000000000000e+04 1.332443689077960410e-06 7.871882044407297116e-06 1.723853933049873294e-07 2.902973934951926315e-07 3.107956290167975194e-04 8.991691837722431393e-07 9.366744673891857283e-06 1.723853933049873294e-07 2.902973934951926315e-07 3.107956290167975194e-04
1.850000000000000000e+04 1.600133130876814461e-05 1.407253184108785609e-05 8.520843808263407436e-09 2.645475826591168705e-05 7.127978814827890365e-04 1.584400104865776242e-05 1.193242553948415375e-05 8.520843808263407436e-09 2.645475826591168705e-05 7.127978814827890365e-04
1.860000000000000000e+04 8.419195773443666563e-07 7.632309143018607187e-06 6.131781533716156555e-10 1.004027631350153773e-08 3.080318810893311666e-04 5.886202272994222977e-07 9.132913158909961487e-06 6.131781533716156555e-10 1.004027631350153773e-08 3.080318810893311666e-04
1.870000000000000000e+04 4.141522925376675670e-06 1.147674834377349130e-05 5.799542711246445875e-07 7.925884544852379045e-06 3.875638247265213447e-04 4.369925821697107100e-06 1.100853718462816887e-05 5.799542711246445875e-07 7.925884544852379045e-06 3.875638247265213447e-04
1.880000000000000000e+04 7.378989327157441113e-07 7.537273985095770412e-06 5.574529698494577492e-10 9.951299318148579564e-09 3.073276861867388116e-04 5.299040184324557059e-07 8.965551736480282524e-06 5.574529698494577492e-10 9.951299318148579564e-09 3.073276861867388116e-04
1.890000000000000000e+04 1.367315991856006103e-06 7.641294466520479772e-06 4.964943610825943634e-06 4.667374393750190828e-08 3.076581596298852525e-04 1.075952274815256122e-06 9.103977169398744227e-06 4.964943610825943634e-06 4.667374393750190828e-08 3.076581596298852525e-04
1.900000000000000000e+04 9.023238497347952299e-06 1.371313035767382906e-05 4.127527850158490762e-06 1.764771998196589792e-05 3.594244317763498693e-04 8.689268606243395564e-06 1.520946936885382666e-05 4.127527850158490762e-06 1.764771998196589792e-05 3.594244317763498693e-04
1.910000000000000000e+04 4.414895411442718972e-06 7.940749798946440376e-06 5.562573966837272547e-08 2.763190760904132722e-06 3.998098122110475979e-04 4.055578355898002432e-06 8.821043202754927143e-06 5.562573966837272547e-08 2.763190760904132722e-06 3.998098122110475979e-04
1.920000000000000000e+04 7.875019062490823296e-06 1.352882379871815021e-05 1.283089284396362532e-04 1.523326380024081431e-06 3.073878399137226682e-04 8.023097310824611224e-06 1.494404534020919355e-05 1.283089284396362532e-04 1.523326380024081431e-06 3.073878399137226682e-04
1.930000000000000000e+04 7.141115732994389799e-07 7.433356322736611625e-06 3.052156697400909632e-08 2.464308192816744771e-08 3.067344741929366203e-04 5.051429466721801229e-07 8.830034054699549502e-06 3.052156697400909632e-08 2.464308192816744771e-08 3.067344741929366203e-04
1.940000000000000000e+04 2.350934302609660788e-06 6.959363880349845857e-06 4.571124649792640834e-06 1.170519833723762659e-06 3.242634930511635724e-04 1.804105771184496572e-06 7.942143228457788540e-06 4.571124649792640834e-06 1.170519833723762659e-06 3.242634930511635724e-04
1.950000000000000000e+04 1.086507268392991943e-06 7.969928632900329338e-06 4.542344906740720741e-06 5.689124765211003774e-06 3.231597304849112757e-04 9.702380704458407398e-07 9.271907585384535165e-06 4.542344906740720741e-06 5.689124765211003774e-06 3.231597304849112757e-04
1.960000000000000000e+04 7.910564581412608030e-07 7.585731631521967251e-06 1.765056887492762305e-06 1.130393627204743005e-07 3.116961393266971304e-04 5.841367154048187871e-07 8.565287094673821436e-06 1.765056887492762305e-06 1.130393627204743005e-07 3.116961393266971304e-04
1.970000000000000000e+04 7.394393518609174956e-07 7.644985903101701415e-06 4.849222864824429259e-07 1.117090081226866746e-06 3.106738759477470336e-04 3.861168657267926788e-07 8.737818001327370593e-06 4.849222864824429259e-07 1.117090081226866746e-06 3.106738759477470336e-04
1.980000000000000000e+04 6.882405388943843324e-07 6.928650441256386231e-06 2.071013436807962756e-08 4.936407052485000494e-09 3.068330935420697145e-04 5.063627379328911365e-07 8.162928940593942645e-06 2.071013436807962756e-08 4.936407052485000494e-09 3.068330935420697145e-04
1.990000000000000000e+04 9.685462305838785611e-07 6.793894222841186600e-06 1.215681935184353090e-07 1.923680657520250169e-08 3.139611221793108561e-04 7.728942882288607565e-07 7.957746769098498699e-06 1.215681935184353090e-07 1.923680657520250169e-08 3.139611221793108561e-04
2.000000000000000000e+04 9.723146816056010180e-07 6.983556895053911483e-06 1.969949772721119743e-05 2.541455285877442109e-07 3.059743292463116735e-04 7.387442436586011463e-07 8.212705860959794026e-06 1.969949772721119743e-05 2.541455285877442109e-07 3.059743292463116735e-04
2.010000000000000000e+04 7.752992519702680323e-07 6.820515253383755394e-06 5.413314682544730715e-07 3.796900562200828699e-06 3.169375678534593955e-04 5.712197904598111289e-07 8.042794270360733612e-06 5.413314682544730715e-07 3.796900562200828699e-06 3.169375678534593955e-04
2.020000000000000000e+04 4.503189505449426977e-07 6.905273796252057528e-06 6.902399122621014453e-07 1.325556848886047232e-08 3.059378265279203194e-04 3.115419291120733167e-07 8.010283165155194235e-06 6.902399122621014453e-07 1.325556848886047232e-08 3.059378265279203194e-04
2.030000000000000000e+04 4.217942484933224949e-07 7.013222066183371026e-06 8.921227378561296306e-08 1.805442101723931840e-09 3.054665438317272154e-04 2.840297179693764427e-07 8.131321596265806101e-06 8.921227378561296306e-08 1.805442101723931840e-09 3.054665438317272154e-04
2.040000000000000000e+04 5.124966457839449499e-07 6.824493693031779342e-06 5.967158512442449116e-08 1.024385112858101266e-07 3.054245888044827047e-04 4.277804578851199953e-07 7.913059976651148285e-06 5.967158512442449116e-08 1.024385112858101266e-07 3.054245888044827047e-04
2.050000000000000000e+04 3.917296676873405924e-07 6.762078037639128576e-06 1.432462374750419085e-07 7.056184763241529365e-08 3.059604099257426336e-04 2.759049644192543458e-07 7.867506961105183498e-06 1.432462374750419085e-07 7.056184763241529365e-08 3.059604099257426336e-04
2.060000000000000000e+04 3.993805520154018755e-07 6.623501700262582765e-06 3.933320985648953676e-08 4.533932973122483803e-08 3.054737240568422682e-04 2.490857668122263610e-07 7.620655204288018593e-06 3.933320985648953676e-08 4.533932973122483803e-08 3.054737240568422682e-04
2.070000000000000000e+04 3.222614986830257788e-07 6.733480019859795653e-06 5.142603797116934329e-09 2.213893919797624148e-07 3.058543942589660126e-04 2.641491580626926762e-07 7.729063246572494443e-06 5.142603797116934329e-09 2.213893919797624148e-07 3.058543942589660126e-04
2.080000000000000000e+04 3.271449827327094097e-07 6.604178942543628572e-06 2.541194288727441474e-08 4.263729197087530432e-10 3.049339385892113597e-04 2.398994336995993243e-07 7.660838966901296090e-06 2.541194288727441474e-08 4.263729197087530432e-10 3.049339385892113597e-04
2.090000000000000000e+04 2.964608103216423611e-07 6.476490689184440741e-06 8.627425837843829173e-09 6.292319684875435475e-09 3.047869785556879562e-04 2.159528133187281862e-07 7.507030488691843732e-06 8.627425837843829173e-09 6.292319684875435475e-09 3.047869785556879562e-04
2.100000000000000000e+04 6.208127506562933382e-07 7.080412017302925110e-06 1.103965547215805782e-06 1.363314915635898059e-06 3.148337719374054758e-04 6.082049942663457685e-07 7.924420787682937267e-06 1.103965547215805782e-06 1.363314915635898059e-06 3.148337719374054758e-04
2.110000000000000000e+04 3.844290616875595566e-07 6.380394902167471405e-06 4.175495290758559451e-07 1.506215407792745898e-09 3.053269397115410274e-04 2.709793840428110543e-07 7.342572549041945137e-06 4.175495290758559451e-07 1.506215407792745898e-09 3.053269397115410274e-04
2.120000000000000000e+04 6.262042973479282648e-07 6.328799510763780192e-06 1.128194164063302144e-07 1.052974524997981456e-06 3.068387079189488628e-04 5.499149001122605247e-07 7.171211979677055870e-06 1.128194164063302144e-07 1.052974524997981456e-06 3.068387079189488628e-04
2.130000000000000000e+04 3.658902145625596167e-07 6.681429516549292415e-06 3.929866760501785359e-07 2.199244909028541739e-07 3.080223943450205318e-04 3.418649048131374086e-07 7.608228887104074648e-06 3.929866760501785359e-07 2.199244909028541739e-07 3.080223943450205318e-04
2.140000000000000000e+04 6.402569051147177880e-06 1.389584535790264162e-05 1.095915168228725587e-05 5.770212222765954012e-06 4.918636260821731285e-04 6.530750320306996504e-06 1.227029128517889051e-05 1.095915168228725587e-05 5.770212222765954012e-06 4.918636260821731285e-04
2.150000000000000000e+04 2.866259132326258105e-07 6.240900543405366037e-06 4.372993835586676380e-07 1.323158188735345907e-09 3.040216458291038139e-04 2.145608073205730120e-07 7.189509768833738144e-06 4.372993835586676380e-07 1.323158188735345907e-09 3.040216458291038139e-04
2.160000000000000000e+04 2.908187241515921992e-07 6.256699139984719962e-06 2.723791336532485134e-06 3.386344145051712634e-08 3.039521213827176991e-04 2.371990873252451966e-07 7.116313432198965045e-06 2.723791336532485134e-06 3.386344145051712634e-08 3.039521213827176991e-04
2.170000000000000000e+04 4.159938695658501251e-06 8.680196383681362230e-06 9.443800473521281468e-06 8.834026414233353085e-09 3.045825386830788481e-04 4.050246373750084275e-06 9.580657903519301387e-06 9.443800473521281468e-06 8.834026414233353085e-09 3.045825386830788481e-04
2.180000000000000000e+04 2.497988325261170700e-06 6.463388344513478033e-06 1.797085359538978347e-06 1.808961457571141834e-07 3.294868277280281368e-04 2.376710590651762764e-06 6.843705275047643044e-06 1.797085359538978347e-06 1.808961457571141834e-07 3.294868277280281368e-04
2.190000000000000000e+04 1.068952100344970203e-06 6.480852578376933680e-06 1.546997647114067561e-09 5.364713301876634774e-07 3.061722204438913401e-04 8.807585354831412797e-07 7.232212780088729414e-06 1.546997647114067561e-09 5.364713301876634774e-07 3.061722204438913401e-04
2.200000000000000000e+04 2.909150513795486951e-07 5.782627504471874588e-06 2.254361642045639034e-07 3.438110349857167103e-08 3.033343973655072993e-04 1.996631392971922105e-07 6.690012693394865257e-06 2.254361642045639034e-07 3.438110349857167103e-08 3.033343973655072993e-04
2.210000000000000000e+04 1.920475791972578087e-06 7.876426699976009024e-06 3.518611039692654195e-07 2.689226569887239850e-07 3.306070767607277800e-04 1.664442306337157700e-06 9.001651145731876124e-06 3.518611039692654195e-07 2.689226569887239850e-07 3.306070767607277800e-04
2.220000000000000000e+04 5.500019678285922200e-06 1.245177004869302513e-05 3.055094099077760657e-06 2.105676825822067620e-06 3.272611729252893997e-04 4.869360146062603757e-06 1.309153014788461762e-05 3.055094099077760657e-06 2.105676825822067620e-06 3.272611729252893997e-04
2.230000000000000000e+04 8.193747342248191453e-07 5.934456115965541160e-06 1.030529642564540299e-05 2.129547495662143998e-06 3.214044350962912047e-04 6.292071420121755854e-07 6.426529326722437026e-06 1.030529642564540299e-05 2.129547495662143998e-06 3.214044350962912047e-04
2.240000000000000000e+04 4.800168203291526474e-07 5.467051099210610816e-06 2.025566855296656216e-06 2.137814458851894256e-08 3.029229730728263200e-04 3.454806808992027378e-07 6.217448042769144419e-06 2.025566855296656216e-06 2.137814458851894256e-08 3.029229730728263200e-04
2.250000000000000000e+04 9.044555530363249045e-07 5.418363370771594052e-06 5.449135873908543693e-07 1.040945979638900236e-07 3.126545478908526873e-04 6.400635034943303110e-07 5.705964127866741793e-06 5.449135873908543693e-07 1.040945979638900236e-07 3.126545478908526873e-04
2.260000000000000000e+04 2.381643844223741481e-07 5.312272450675636421e-06 7.052296087778600844e-07 4.306472109880193568e-08 3.029084233544611414e-04 1.455442782776769865e-07 6.167005179236548178e-06 7.052296087778600844e-07 4.306472109880193568e-08 3.029084233544611414e-04
2.270000000000000000e+04 5.404326514052240665e-07 5.455420385979406452e-06 9.906717571035819159e-09 1.203580532458113222e-07 3.049063510895329591e-04 3.856406664516515049e-07 6.357931774953013709e-06 9.906717571035819159e-09 1.203580532458113222e-07 3.049063510895329591e-04
2.280000000000000000e+04 5.150460659878422400e-05 4.320934392559755443e-05 3.785695838759246329e-05 4.228744943075900330e-07 3.106814133759426772e-04 5.216324679733538438e-05 4.488372218604867140e-05 3.785695838759246329e-05 4.228744943075900330e-07 3.106814133759426772e-04
2.290000000000000000e+04 2.999114396354994081e-07 5.002300958175334795e-06 3.906891460315421823e-08 1.916920874891002146e-08 3.028667160210037697e-04 2.316592650736674664e-07 5.961897219661055653e-06 3.906891460315421823e-08 1.916920874891002146e-08 3.028667160210037697e-04
2.300000000000000000e+04 1.843102959702120241e-07 4.855487847335726587e-06 1.616648979041375258e-11 1.740513025980550809e-09 3.014236089648365011e-04 1.310989316115334781e-07 5.622472753978779295e-06 1.616648979041375258e-11 1.740513025980550809e-09 3.014236089648365011e-04
2.310000000000000000e+04 2.553015225774441499e-07 4.947754449046844015e-06 2.131491302181457058e-07 2.968296981259213289e-08 3.018579479248366003e-04 2.023621683460129554e-07 5.652371400788627371e-06 2.131491302181457058e-07 2.968296981259213289e-08 3.018579479248366003e-04
2.320000000000000000e+04 1.698824034913031356e-07 4.665562770531413336e-06 3.237989043564516938e-12 1.428048022692231683e-09 3.008631241652994165e-04 1.190375888672669741e-07 5.406396147052382341e-06 3.237989043564516938e-12 1.428048022692231683e-09 3.008631241652994165e-04
2.330000000000000000e+04 9.295914680212658534e-07 5.658529597609581462e-06 5.554228270115038897e-07 4.171212180363252627e-07 3.065894305980598820e-04 9.403653666521790207e-07 6.345391483094167165e-06 5.554228270115038897e-07 4.171212180363252627e-07 3.065894305980598820e-04
2.340000000000000000e+04 2.279062789282601035e-07 4.930299941834696482e-06 5.191608555850020371e-08 2.457928746651359857e-07 3.020553681476003164e-04 2.092451759930058588e-07 5.613363778915394448e-06 5.191608555850020371e-08 2.457928746651359857e-07 3.020553681476003164e-04
2.350000000000000000e+04 1.862503184890988787e-07 4.273598758502112648e-06 7.588505665032564770e-09 9.369960922189501729e-10 3.004652433102193341e-04 1.343802068515917008e-07 4.995711780915381984e-06 7.588505665032564770e-09 9.369960922189501729e-10 3.004652433102193341e-04
2.360000000000000000e+04 3.991983928882166389e-06 9.415525345309738595e-06 1.477613103233919412e-06 1.272838586798985758e-06 3.554974175968573505e-04 4.068894717351989113e-06 8.666847640124534797e-06 1.477613103233919412e-06 1.272838586798985758e-06 3.554974175968573505e-04
2.370000000000000000e+04 3.022003779111039116e-06 4.505472845447512031e-06 2.461575347403862668e-06 3.233880357863067250e-07 3.311583165308484237e-04 3.001113125104622563e-06 4.516567277690053045e-06 2.461575347403862668e-06 3.233880357863067250e-07 3.311583165308484237e-04
2.380000000000000000e+04 1.763791381917864092e-06 4.309932616008776705e-06 1.177562839115553233e-06 1.986416878538433545e-10 3.092668824615252298e-04 1.643001977085797509e-06 4.760248663419979046e-06 1.177562839115553233e-06 1.986416878538433545e-10 3.092668824615252298e-04
2.390000000000000000e+04 2.340734887073546510e-07 4.099486495721913603e-06 4.441411800443922797e-08 5.923485046193673257e-09 3.000923347292886790e-04 1.722029905069244832e-07 4.819437203966060062e-06 4.441411800443922797e-08 5.923485046193673257e-09 3.000923347292886790e-04
2.400000000000000000e+04 6.590847473780730608e-07 5.454147155764845409e-06 3.316088159837556590e-06 1.057816832834384120e-09 3.171363254105098251e-04 3.793866746505881824e-07 5.692943898562879599e-06 3.316088159837556590e-06 1.057816832834384120e-09 3.171363254105098251e-04
2.410000000000000000e+04 7.592562055398463196e-07 5.209072454011897477e-06 4.960689352250623620e-06 1.452713322657821910e-08 3.087380432142998931e-04 5.780946735329357342e-07 5.774132532312773026e-06 4.960689352250623620e-06 1.452713322657821910e-08 3.087380432142998931e-04
2.420000000000000000e+04 2.440768655154976856e-06 6.828076018935999294e-06 1.192252206289511474e-06 6.381959562688805187e-06 3.492218917686978224e-04 2.433726583431522273e-06 6.795839687352233444e-06 1.192252206289511474e-06 6.381959562688805187e-06 3.492218917686978224e-04
2.430000000000000000e+04 8.803573832283155730e-08 4.121617289727569952e-06 2.835160231212503211e-09 2.182511749612593396e-08 2.991718701593386125e-04 4.077596480713522953e-08 4.699158641284736948e-06 2.835160231212503211e-09 2.182511749612593396e-08 2.991718701593386125e-04
2.440000000000000000e+04 8.304154615194568181e-07 5.324913558177769230e-06 6.285577840798520392e-08 2.966101413704278787e-07 3.116779834783308420e-04 8.693393319892990488e-07 5.624332772183326267e-06 6.285577840798520392e-08 2.966101413704278787e-07 3.116779834783308420e-04
2.450000000000000000e+04 7.824811159738310506e-07 5.622329658016014167e-06 2.653090905393115611e-07 7.760374734862884421e-07 3.317669255343410023e-04 6.514586165512209250e-07 5.552461195211259908e-06 2.653090905393115611e-07 7.760374734862884421e-07 3.317669255343410023e-04
2.460000000000000000e+04 1.404698379350454715e-07 3.817957600218504907e-06 1.238047958510721218e-06 5.219895230190316887e-12 2.993385661858963568e-04 8.168466869653239120e-08 4.379373672040853403e-06 1.238047958510721218e-06 5.219895230190316887e-12 2.993385661858963568e-04
2.470000000000000000e+04 1.661010684648754461e-06 6.170826626025534746e-06 1.010206521586315198e-07 7.772854043430873581e-07 3.174561292087691496e-04 1.676014889591416864e-06 6.089449463699692467e-06 1.010206521586315198e-07 7.772854043430873581e-07 3.174561292087691496e-04
2.480000000000000000e+04 2.023594956568360810e-07 3.574271584054353328e-06 2.413820493267775103e-09 1.889254206026862965e-08 2.998139246884651862e-04 1.415997027312570446e-07 4.020107668736419048e-06 2.413820493267775103e-09 1.889254206026862965e-08 2.998139246884651862e-04
2.490000000000000000e+04 2.662618546794186319e-07 4.113132944861249255e-06 1.552994788390497372e-06 3.380284129904399664e-09 3.029761191195169245e-04 2.508306240692799535e-07 4.513279991282729856e-06 1.552994788390497372e-06 3.380284129904399664e-09 3.029761191195169245e-04
2.500000000000000000e+04 4.871368212828387670e-05 6.310230621077343261e-05 3.372597978085202476e-05 3.657967348062168029e-08 5.340215294029371533e-04 4.236730155313278860e-05 6.437507911661869884e-05 3.372597978085202476e-05 3.657967348062168029e-08 5.340215294029371533e-04
2.510000000000000000e+04 4.657491628706482653e-06 1.083015644451731865e-05 2.533077777907899695e-10 6.273211660208519688e-07 5.747000667386273571e-04 3.971934583124389985e-06 1.062187300247255037e-05 2.533077777907899695e-10 6.273211660208519688e-07 5.747000667386273571e-04
2.520000000000000000e+04 1.505271385317495133e-06 4.649169286303109963e-06 5.695053098914713818e-13 5.355515735917861792e-10 4.810288250486894051e-04 9.922735583580414819e-07 4.926446119546969907e-06 5.695053098914713818e-13 5.355515735917861792e-10 4.810288250486894051e-04
2.530000000000000000e+04 3.046729394544772301e-06 4.155736391431525440e-06 7.451074379338248341e-10 1.169516477133170240e-06 6.073868677306283603e-04 2.629121282097760167e-06 4.077894557353925103e-06 7.451074379338248341e-10 1.169516477133170240e-06 6.073868677306283603e-04
2.540000000000000000e+04 1.097296106943038118e-06 4.560923875491537588e-06 1.203303922943143578e-10 1.217723080865877857e-09 4.635133489659054671e-04 6.913572911806291786e-07 5.280981084255462932e-06 1.203303922943143578e-10 1.217723080865877857e-09 4.635133489659054671e-04
2.550000000000000000e+04 1.456604792260341690e-06 5.478542573812365051e-06 2.441085334228811963e-10 1.056427790203511990e-09 4.487472393674282680e-04 1.178226937872659283e-06 6.324249785493696557e-06 2.441085334228811963e-10 1.056427790203511990e-09 4.487472393674282680e-04
2.560000000000000000e+04 1.681440225409462737e-06 5.771404927280572150e-06 1.677314406404638448e-09 3.055708703347908795e-08 4.496324596651858456e-04 1.159403135840124450e-06 6.723533767921668693e-06 1.677314406404638448e-09 3.055708703347908795e-08 4.496324596651858456e-04
2.570000000000000000e+04 1.630979832206967455e-06 5.779752296188420660e-06 2.615995109796882591e-10 5.453988305192255695e-10 4.290964366792238810e-04 1.351577339455806182e-06 6.688363461478752874e-06 2.615995109796882591e-10 5.453988305192255695e-10 4.290964366792238810e-04
2.580000000000000000e+04 2.191442448654603288e-06 6.195172652613300027e-06 4.440205410921499922e-10 3.409924247681825049e-10 4.049591149325050651e-04 2.050955295767263271e-06 6.973085377342399509e-06 4.440205410921499922e-10 3.409924247681825049e-10 4.049591149325050651e-04
2.590000000000000000e+04 4.162009889060431465e-05 1.514360799703700120e-05 1.268053110418482909e-07 5.025319349551964756e-07 5.402597363807144001e-04 4.209928604107428810e-05 1.576382614497579183e-05 1.268053110418482909e-07 5.025319349551964756e-07 5.402597363807144001e-04
2.600000000000000000e+04 1.697089129474915996e-06 6.818999770249650329e-06 9.135387113131321885e-14 2.471282957403442134e-09 3.783387604201165588e-04 1.317281027185579804e-06 7.504097005886454612e-06 9.135387113131321885e-14 2.471282957403442134e-09 3.783387604201165588e-04
2.610000000000000000e+04 1.399211002860113864e-06 1.001893812745529613e-05 1.796988083640027873e-10 2.437104217313026070e-10 3.477803801749669815e-04 1.209858236750890435e-06 1.019508101038636853e-05 1.796988083640027873e-10 2.437104217313026070e-10 3.477803801749669815e-04
2.620000000000000000e+04 1.310989617369452004e-06 1.421319226061403283e-05 4.951834137509797284e-11 4.051515296255519667e-10 3.315662280303332664e-04 1.120962162359286079e-06 1.352401049946037056e-05 4.951834137509797284e-11 4.051515296255519667e-10 3.315662280303332664e-04
2.630000000000000000e+04 1.128670947747525901e-06 1.483750601112628046e-05 7.476354367994167394e-12 4.947617498808624121e-10 3.277932646951249194e-04 9.143296278322550603e-07 1.387707329863403126e-05 7.476354367994167394e-12 4.947617498808624121e-10 3.277932646951249194e-04
2.640000000000000000e+04 1.008546796855494051e-06 1.431454411689246977e-05 6.194712346319697264e-13 5.384955701129613000e-10 3.262786218441850270e-04 7.803838299681857342e-07 1.331701190765918458e-05 6.194712346319697264e-13 5.384955701129613000e-10 3.262786218441850270e-04
2.650000000000000000e+04 9.664600897373220024e-07 1.375764531500158179e-05 2.575604057361131835e-13 5.563131732126237834e-10 3.249804678632068310e-04 7.355892091189284290e-07 1.277530103825179670e-05 2.575604057361131835e-13 5.563131732126237834e-10 3.249804678632068310e-04
2.660000000000000000e+04 9.539932819202015310e-07 1.322880636330341459e-05 3.062399910183295616e-12 5.466300896155077272e-10 3.236785547288932867e-04 7.260600040922136107e-07 1.230348622920098138e-05 3.062399910183295616e-12 5.466300896155077272e-10 3.236785547288932867e-04
2.670000000000000000e+04 9.550783918772606280e-07 1.267054614336743893e-05 9.204049032193845987e-12 1.503367107542489981e-10 3.223528324475978665e-04 7.326772809305522488e-07 1.184704774787086498e-05 9.204049032193845987e-12 1.503367107542489981e-10 3.223528324475978665e-04
2.680000000000000000e+04 1.075892862969150204e-06 1.229850892495574776e-05 7.052710437289377112e-12 2.533556996115906716e-11 3.215551438860433323e-04 7.463669633770140211e-07 1.161698075896167439e-05 7.052710437289377112e-12 2.533556996115906716e-11 3.215551438860433323e-04
2.690000000000000000e+04 1.082658537363968014e-06 1.119956785546104878e-05 5.961840675419517850e-11 3.599679866186080674e-10 3.201471233703176065e-04 8.080959212455057930e-07 1.084117670983074171e-05 5.961840675419517850e-11 3.599679866186080674e-10 3.201471233703176065e-04
2.700000000000000000e+04 1.068971374082067517e-06 1.041215784900060892e-05 8.095741588531227917e-11 3.373437757159905905e-10 3.186341099278190573e-04 8.257808798878887202e-07 1.035237773143636510e-05 8.095741588531227917e-11 3.373437757159905905e-10 3.186341099278190573e-04
2.710000000000000000e+04 1.048931587921358338e-06 9.807743590649233887e-06 9.377689851125621030e-11 3.203248264036815801e-10 3.171394249684261995e-04 8.178394912578185415e-07 9.945789250858824807e-06 9.377689851125621030e-11 3.203248264036815801e-10 3.171394249684261995e-04
2.720000000000000000e+04 1.029792723733265665e-06 9.260561508218474817e-06 1.009930717474701417e-10 3.030755728369517917e-10 3.157194308711657902e-04 8.081140194129727882e-07 9.567149308513644155e-06 1.009930717474701417e-10 3.030755728369517917e-10 3.157194308711657902e-04
2.730000000000000000e+04 3.022007212568286201e-06 7.575861734498591612e-06 8.565764134480093116e-10 6.395145448632166827e-07 3.550355463337667651e-04 2.125186220016725499e-06 7.436722462733006901e-06 8.565764134480093116e-10 6.395145448632166827e-07 3.550355463337667651e-04
2.740000000000000000e+04 1.338626924546372702e-06 8.376861739534050480e-06 7.772949341960043010e-11 4.460425334649163207e-10 3.153905212288542139e-04 8.590746832095697382e-07 8.903882483936042221e-06 7.772949341960043010e-11 4.460425334649163207e-10 3.153905212288542139e-04
2.750000000000000000e+04 1.233626594611572659e-06 7.928474621532225248e-06 9.830199091582215058e-11 2.000140537984179106e-10 3.136699333240805456e-04 8.677812292213061679e-07 8.573041986502444236e-06 9.830199091582215058e-11 2.000140537984179106e-10 3.136699333240805456e-04
2.760000000000000000e+04 1.149613774649430710e-06 7.579762837128557175e-06 1.031445261958751354e-10 2.238153869201826175e-10 3.122022746635330507e-04 8.545570990857134431e-07 8.372859434400732067e-06 1.031445261958751354e-10 2.238153869201826175e-10 3.122022746635330507e-04
2.770000000000000000e+04 1.078753902359927819e-06 7.297787345678090505e-06 1.041817495901013600e-10 2.629834169735985219e-10 3.108931484074842384e-04 8.355581969562117549e-07 8.242542872680272433e-06 1.041817495901013600e-10 2.629834169735985219e-10 3.108931484074842384e-04
2.780000000000000000e+04 1.009541517845743733e-06 7.082914498975185913e-06 1.009539481374279958e-10 3.212921214477356621e-10 3.097242619204857795e-04 8.058928290694983292e-07 8.165945240380031311e-06 1.009539481374279958e-10 3.212921214477356621e-10 3.097242619204857795e-04
2.790000000000000000e+04 8.013020422397542153e-06 1.166219181751772198e-05 1.250452810210203461e-07 2.761737537944697399e-06 4.162263157525638072e-04 6.514190968664322525e-06 9.885514911364107313e-06 1.250452810210203461e-07 2.761737537944697399e-06 4.162263157525638072e-04
2.800000000000000000e+04 1.382547762333394004e-06 6.495275850734567035e-06 1.331218457974127348e-10 2.280312541923105227e-10 3.104469470421931227e-04 8.698472722018986419e-07 7.584182672096820087e-06 1.331218457974127348e-10 2.280312541923105227e-10 3.104469470421931227e-04
2.810000000000000000e+04 1.132564075962993435e-06 6.472082765886105194e-06 8.315485766594457477e-11 3.214962862550826126e-10 3.086643651971527355e-04 8.116739486972698354e-07 7.694689664382893602e-06 8.315485766594457477e-11 3.214962862550826126e-10 3.086643651971527355e-04
2.820000000000000000e+04 9.869191649453799151e-07 6.458359879982575703e-06 7.815939396410359635e-11 4.375096996484470292e-10 3.074186538432817665e-04 7.596553413164299112e-07 7.760095471125200595e-06 7.815939396410359635e-11 4.375096996484470292e-10 3.074186538432817665e-04
2.830000000000000000e+04 8.700325091110216788e-07 6.431848797088154811e-06 6.934156627245206079e-11 5.546467072890861156e-10 3.064876380638618188e-04 6.964424126700059424e-07 7.770956048009410987e-06 6.934156627245206079e-11 5.546467072890861156e-10 3.064876380638618188e-04
2.840000000000000000e+04 7.846866274160832972e-07 6.350541050391695197e-06 8.133427282496387441e-11 1.040874384745687818e-11 3.057724176947278715e-04 6.441677101834585302e-07 7.696558415805155381e-06 8.133427282496387441e-11 1.040874384745687818e-11 3.057724176947278715e-04
2.850000000000000000e+04 1.156352129422751969e-06 6.138561587851997908e-06 2.328074972183625521e-09 3.565594455242423768e-10 3.066838596901559546e-04 6.829064231827316484e-07 7.504313271034792569e-06 2.328074972183625521e-09 3.565594455242423768e-10 3.066838596901559546e-04
2.860000000000000000e+04 9.114585258008800079e-07 6.013438768176657103e-06 5.833814332501519536e-11 8.361915191555011546e-10 3.053174954147393335e-04 6.760121969000031600e-07 7.460889166012308116e-06 5.833814332501519536e-11 8.361915191555011546e-10 3.053174954147393335e-04
2.870000000000000000e+04 7.650175645776916720e-07 5.895522659428235146e-06 4.901994628452343180e-11 1.163105500723941587e-09 3.046410562347411739e-04 6.067476333349387907e-07 7.325735037578005067e-06 4.901994628452343180e-11 1.163105500723941587e-09 3.046410562347411739e-04
2.880000000000000000e+04 6.651948448443819839e-07 5.704471651614736650e-06 4.289253572411399512e-11 1.441087824549355894e-09 3.041712903919924064e-04 5.479836219719218874e-07 7.119308854423194496e-06 4.289253572411399512e-11 1.441087824549355894e-09 3.041712903919924064e-04
2.890000000000000000e+04 6.033322812133959809e-07 5.465879562980823308e-06 8.148558514586483402e-11 1.842303477079792786e-10 3.038177276080271144e-04 5.114964106879571899e-07 6.874037132584183565e-06 8.148558514586483402e-11 1.842303477079792786e-10 3.038177276080271144e-04
2.900000000000000000e+04 1.059848593064665442e-06 5.212922793967264704e-06 1.660009937648381023e-09 1.425448847962396402e-09 3.044556773402544935e-04 6.783937167673774479e-07 6.647992726343070158e-06 1.660009937648381023e-09 1.425448847962396402e-09 3.044556773402544935e-04
2.910000000000000000e+04 7.424359402366843112e-07 5.167414348734766165e-06 3.687611066259981062e-11 2.278182784984200420e-09 3.036326483917322554e-04 5.644385409674406808e-07 6.618130565880278165e-06 3.687611066259981062e-11 2.278182784984200420e-09 3.036326483917322554e-04
2.920000000000000000e+04 6.213320469703835788e-07 4.966850595174164662e-06 3.537327130894085421e-11 2.614512496358154000e-09 3.032836359321884763e-04 5.130774395892628353e-07 6.382455990520856762e-06 3.537327130894085421e-11 2.614512496358154000e-09 3.032836359321884763e-04
2.930000000000000000e+04 5.472787030543212498e-07 4.768082124776055913e-06 3.056469302016647311e-11 2.905171372676855218e-09 3.030071098503245232e-04 4.742354510667421258e-07 6.172416271092836317e-06 3.056469302016647311e-11 2.905171372676855218e-09 3.030071098503245232e-04
2.940000000000000000e+04 1.496347472488003438e-06 5.464949030168151450e-06 1.123618080969439421e-07 8.618610485228875528e-08 3.048869207720451249e-04 1.067650670528439242e-06 6.830187904294702679e-06 1.123618080969439421e-07 8.618610485228875528e-08 3.048869207720451249e-04
2.950000000000000000e+04 6.235493178583363959e-07 4.578770900165861757e-06 3.008207945437188004e-11 2.510831527295698522e-09 3.028868478038663223e-04 4.819499473900514897e-07 5.935524600717482274e-06 3.008207945437188004e-11 2.510831527295698522e-09 3.028868478038663223e-04
2.960000000000000000e+04 5.175665561062387326e-07 4.396909427819186516e-06 2.515450269291275513e-11 3.221883204943606705e-09 3.026029814324465565e-04 4.446611515921385573e-07 5.728856523835887954e-06 2.515450269291275513e-11 3.221883204943606705e-09 3.026029814324465565e-04
2.970000000000000000e+04 4.574254417488242083e-07 4.243618163933336543e-06 2.116245732420205540e-11 3.463525495195600321e-09 3.023437654655651758e-04 4.137584074826365798e-07 5.582101624352310071e-06 2.116245732420205540e-11 3.463525495195600321e-09 3.023437654655651758e-04
2.980000000000000000e+04 8.578712223561607088e-07 4.300327185747527726e-06 4.225377015647225260e-08 1.372318382336869029e-07 3.038899772030116014e-04 5.964872768408359829e-07 5.744201618149312994e-06 4.225377015647225260e-08 1.372318382336869029e-07 3.038899772030116014e-04
2.990000000000000000e+04 4.993953853836158482e-07 4.051006593302552054e-06 5.622557499122399332e-13 3.233816108071479011e-09 3.021324343278241806e-04 4.246438887443567165e-07 5.317744730441423785e-06 5.622557499122399332e-13 3.233816108071479011e-09 3.021324343278241806e-04
3.000000000000000000e+04 4.265614631734911834e-07 3.926908729281599754e-06 1.679569190313379049e-11 3.503019945599338086e-09 3.018512124108574651e-04 3.911111672216881209e-07 5.195255220405754854e-06 1.679569190313379049e-11 3.503019945599338086e-09 3.018512124108574651e-04
3.010000000000000000e+04 5.337026431800101979e-07 4.226326355445824442e-06 2.614142705146178193e-07 3.806702754938571981e-09 3.021776376075530090e-04 4.180680101735440460e-07 5.541080235348972243e-06 2.614142705146178193e-07 3.806702754938571981e-09 3.021776376075530090e-04
3.020000000000000000e+04 4.075400773955046406e-07 3.844210169836217516e-06 4.441193457506744614e-09 1.985873065860257615e-08 3.016723818090450001e-04 3.491929123122191970e-07 5.047865444988740706e-06 4.441193457506744614e-09 1.985873065860257615e-08 3.016723818090450001e-04
3.030000000000000000e+04 4.503587287394990529e-07 4.295681956673300975e-06 2.485246402805751017e-06 4.381237810282885703e-08 3.058857565906806662e-04 3.379264047783096580e-07 5.480534791318132846e-06 2.485246402805751017e-06 4.381237810282885703e-08 3.058857565906806662e-04
3.040000000000000000e+04 4.333004368168458996e-07 3.681946241877505151e-06 5.754298159202175226e-07 2.555233245201071100e-08 3.013743309929391438e-04 3.623490677057490320e-07 4.871205979212649137e-06 5.754298159202175226e-07 2.555233245201071100e-08 3.013743309929391438e-04
3.050000000000000000e+04 3.973795332900946782e-07 3.478431495946422122e-06 2.125218432382007013e-08 3.539215309188918804e-10 3.011890077729805480e-04 3.573478547805519827e-07 4.608039105083223155e-06 2.125218432382007013e-08 3.539215309188918804e-10 3.011890077729805480e-04
3.060000000000000000e+04 4.403139915863143285e-07 3.600633139591095087e-06 1.224383025085059178e-07 9.719028490256171409e-09 3.012956463037305124e-04 4.169456649437067553e-07 4.689486020136999382e-06 1.224383025085059178e-07 9.719028490256171409e-09 3.012956463037305124e-04
3.070000000000000000e+04 9.207798898411244009e-07 4.062718851625823478e-06 8.171482868379407346e-09 7.374494413663050061e-09 3.013891037560079058e-04 8.975781037859347355e-07 5.064569574906374941e-06 8.171482868379407346e-09 7.374494413663050061e-09 3.013891037560079058e-04
3.080000000000000000e+04 3.129221488237942099e-07 3.298406789303482593e-06 2.731713318063955831e-09 1.968151785773567586e-11 3.007859311967043549e-04 2.852730565722528461e-07 4.233594875758268708e-06 2.731713318063955831e-09 1.968151785773567586e-11 3.007859311967043549e-04
3.090000000000000000e+04 4.534933396412533952e-07 3.617437343526958594e-06 3.908694894996371719e-08 5.309655457015093867e-08 3.009066959071995235e-04 4.011884664150517576e-07 4.563335265243569745e-06 3.908694894996371719e-08 5.309655457015093867e-08 3.009066959071995235e-04
3.100000000000000000e+04 2.596041472660497966e-07 3.443447248643285746e-06 2.098361179764217247e-10 8.115029778130947789e-08 3.006686270130818381e-04 2.151822310484598319e-07 4.254785902755680664e-06 2.098361179764217247e-10 8.115029778130947789e-08 3.006686270130818381e-04
3.110000000000000000e+04 3.212704549275450932e-07 3.172827957082316373e-06 4.516033479811435038e-09 1.050035079766287799e-08 3.005098051328468594e-04 3.061258493735136100e-07 4.000923427960576502e-06 4.516033479811435038e-09 1.050035079766287799e-08 3.005098051328468594e-04
3.120000000000000000e+04 3.575678917649505489e-07 3.229925092901431258e-06 3.432535553919079418e-07 1.463412505550853208e-11 3.003199217130498601e-04 3.333035590036495933e-07 3.969638976131443427e-06 3.432535553919079418e-07 1.463412505550853208e-11 3.003199217130498601e-04
3.130000000000000000e+04 4.150609434673769432e-07 3.145240944254852999e-06 2.637777849084927830e-08 6.569037955501234293e-08 3.032396470694856817e-04 3.974742141108498898e-07 3.739941159487024343e-06 2.637777849084927830e-08 6.569037955501234293e-08 3.032396470694856817e-04
3.140000000000000000e+04 2.498522540397150467e-07 3.051893414311749619e-06 1.484477092854870254e-09 6.888129241923842813e-09 3.001116914212898922e-04 2.330584032721587278e-07 3.670520984509302850e-06 1.484477092854870254e-09 6.888129241923842813e-09 3.001116914212898922e-04
3.150000000000000000e+04 2.756347239895653193e-06 6.232359999234917058e-06 5.237792117144482091e-08 8.824416795860179530e-07 3.315482830344878055e-04 2.697182455835562189e-06 5.069104083285461091e-06 5.237792117144482091e-08 8.824416795860179530e-07 3.315482830344878055e-04
3.160000000000000000e+04 1.290626920097344210e-06 3.694811894965803825e-06 7.236862763765650216e-08 4.917918304289604002e-08 3.008783595256716865e-04 1.296215992458633787e-06 4.294836350807293428e-06 7.236862763765650216e-08 4.917918304289604002e-08 3.008783595256716865e-04
3.170000000000000000e+04 2.792751918056881266e-07 2.995257663508478313e-06 3.564007798008899149e-06 1.907588102406272571e-07 3.007281612244003103e-04 2.517387529197962295e-07 3.506015313847935397e-06 3.564007798008899149e-06 1.907588102406272571e-07 3.007281612244003103e-04
3.180000000000000000e+04 4.532212451266093442e-07 3.246637068724553007e-06 5.044434712023912683e-11 5.007260504546565242e-09 2.992966881302088497e-04 4.210011620988060800e-07 3.768958793635684844e-06 5.044434712023912683e-11 5.007260504546565242e-09 2.992966881302088497e-04
3.190000000000000000e+04 2.717879493349536930e-06 7.545943632390377922e-06 1.466463200662632794e-05 2.619549748274277646e-07 3.410363482907720562e-04 2.512582441140597335e-06 6.286677981867526008e-06 1.466463200662632794e-05 2.619549748274277646e-07 3.410363482907720562e-04
3.200000000000000000e+04 2.228855502498835441e-07 3.116726996030157595e-06 4.463042983000187189e-08 1.050415830261000642e-08 2.989782573138134681e-04 1.815780820984769962e-07 3.505851339642478252e-06 4.463042983000187189e-08 1.050415830261000642e-08 2.989782573138134681e-04
3.210000000000000000e+04 1.917631766542384790e-07 3.055462321609914352e-06 6.581139758578385943e-09 4.698976775793209180e-09 2.987712844786200527e-04 1.642841396873884838e-07 3.501144946558383195e-06 6.581139758578385943e-09 4.698976775793209180e-09 2.987712844786200527e-04
3.220000000000000000e+04 1.555140145810476048e-07 3.160447906158086611e-06 1.872186023215184231e-07 2.810701952594854539e-07 2.995820175702492978e-04 1.153693298162203053e-07 3.582160437491101802e-06 1.872186023215184231e-07 2.810701952594854539e-07 2.995820175702492978e-04
3.230000000000000000e+04 1.086416892631263968e-06 4.138069404552493973e-06 8.287712375410767749e-07 7.039805857307948666e-07 2.997321758743207317e-04 1.059673932984711252e-06 4.336911647859325447e-06 8.287712375410767749e-07 7.039805857307948666e-07 2.997321758743207317e-04
3.240000000000000000e+04 1.551907861889570043e-07 3.178831202847770564e-06 2.274889173444736583e-07 1.194973888199536009e-07 2.989481994389956983e-04 9.557086537397874690e-08 3.480028115209289724e-06 2.274889173444736583e-07 1.194973888199536009e-07 2.989481994389956983e-04
3.250000000000000000e+04 1.177382087194629827e-06 3.852058869586503947e-06 2.246998711670446933e-07 2.790924472573162713e-06 3.024561952040387435e-04 1.152878567090042223e-06 4.235419569758256565e-06 2.246998711670446933e-07 2.790924472573162713e-06 3.024561952040387435e-04
3.260000000000000000e+04 8.174632943092411519e-06 7.948565206964992242e-06 2.813649955530680456e-08 1.227425119444235901e-08 3.137698740038078415e-04 8.351483288838141582e-06 7.991588147926413649e-06 2.813649955530680456e-08 1.227425119444235901e-08 3.137698740038078415e-04
3.270000000000000000e+04 6.342426324031553488e-06 7.308719013249534472e-06 6.890297776807571691e-06 8.357368537807162362e-10 3.206325701543875180e-04 6.370482080612657700e-06 7.202515390340058526e-06 6.890297776807571691e-06 8.357368537807162362e-10 3.206325701543875180e-04
3.280000000000000000e+04 1.415608824579491957e-06 3.791728467535916558e-06 6.974221524400859851e-09 2.040696717149838505e-08 3.075049247648050450e-04 1.483939002967768089e-06 3.478040584749453728e-06 6.974221524400859851e-09 2.040696717149838505e-08 3.075049247648050450e-04
3.290000000000000000e+04 3.436059229709733175e-07 2.978489382319785609e-06 1.353305505584191228e-09 8.916030642252903757e-12 3.029222595489643090e-04 3.113556056089601980e-07 3.104081669503611015e-06 1.353305505584191228e-09 8.916030642252903757e-12 3.029222595489643090e-04
3.300000000000000000e+04 9.571525667699715923e-07 3.614057723083208178e-06 1.074410692616305268e-06 7.753530739468217347e-07 2.989999920944241244e-04 9.089262319970739943e-07 3.963856021637191432e-06 1.074410692616305268e-06 7.753530739468217347e-07 2.989999920944241244e-04
