# step, loss_train, loss_test, metrics_test
0.000000000000000000e+00 1.360645698235258124e+03 1.753254026047481375e+03 9.801000000000000156e+00 1.000000000000000021e-03 8.666373878340448700e-01 5.951067873991108925e+00 1.352129789126941205e+03 1.736366119312170440e+03 9.801000000000000156e+00 1.000000000000000021e-03 8.666373878340448700e-01 5.951067873991108925e+00
5.000000000000000000e+02 2.667362450364894194e-02 7.272083010696484863e-03 1.177531365561088235e-03 1.856489040937580920e-05 1.135849967707437680e-01 1.325362783792571712e-02 2.649058295835457488e-02 6.595354714126432788e-03 1.177531365561088235e-03 1.856489040937580920e-05 1.135849967707437680e-01 1.325362783792571712e-02
1.000000000000000000e+03 2.195399845133414948e-02 6.232686162182437054e-03 1.164922407365677525e-03 5.651281419469933922e-06 1.155376103146156797e-01 1.333965984820145549e-02 2.251982989845449645e-02 5.914821241303075405e-03 1.164922407365677525e-03 5.651281419469933922e-06 1.155376103146156797e-01 1.333965984820145549e-02
1.500000000000000000e+03 2.201770410488842686e-02 5.757535519148523906e-03 1.179841712286227445e-03 5.156213677282035955e-06 1.141155823614610210e-01 1.343688873471446908e-02 2.239817904391423406e-02 5.460562096969291505e-03 1.179841712286227445e-03 5.156213677282035955e-06 1.141155823614610210e-01 1.343688873471446908e-02
2.000000000000000000e+03 2.227749455365898509e-02 5.395637160482720865e-03 1.189267440287659558e-03 6.249879832718961331e-06 1.129324478742101401e-01 1.349713385640109210e-02 2.239227292588008913e-02 5.170746909040883736e-03 1.189267440287659558e-03 6.249879832718961331e-06 1.129324478742101401e-01 1.349713385640109210e-02
2.500000000000000000e+03 2.258908785459618276e-02 5.167700313403767245e-03 1.194278800036202440e-03 7.874514969917099659e-06 1.121082052682156327e-01 1.352914111376554880e-02 2.238446407676129846e-02 5.019673518420557021e-03 1.194278800036202440e-03 7.874514969917099659e-06 1.121082052682156327e-01 1.352914111376554880e-02
3.000000000000000000e+03 2.281703437509101720e-02 5.057498504127698469e-03 1.196163260969779077e-03 9.047903354424895766e-06 1.116367784772016869e-01 1.353998294452200477e-02 2.229099647524108996e-02 4.968066235568480669e-03 1.196163260969779077e-03 9.047903354424895766e-06 1.116367784772016869e-01 1.353998294452200477e-02
3.500000000000000000e+03 2.286557785218103211e-02 5.026242011820414649e-03 1.195484050119504814e-03 9.547057275043660903e-06 1.114582152577243274e-01 1.353443990767970104e-02 2.207808787350541702e-02 4.976285414778727420e-03 1.195484050119504814e-03 9.547057275043660903e-06 1.114582152577243274e-01 1.353443990767970104e-02
4.000000000000000000e+03 2.276215062071889825e-02 5.031933487268862130e-03 1.193050339033000645e-03 9.592623946458684123e-06 1.114593683387693768e-01 1.351746980169874109e-02 2.178628807494776415e-02 5.008304497807465269e-03 1.193050339033000645e-03 9.592623946458684123e-06 1.114593683387693768e-01 1.351746980169874109e-02
4.500000000000000000e+03 2.260567470432390397e-02 5.045062072238240894e-03 1.189936160898171034e-03 9.346805298275620683e-06 1.115239243639329775e-01 1.349298421030152746e-02 2.149407554770085133e-02 5.039312415793445465e-03 1.189936160898171034e-03 9.346805298275620683e-06 1.115239243639329775e-01 1.349298421030152746e-02
5.000000000000000000e+03 2.245626379513180129e-02 5.052500186940101987e-03 1.186746279315361446e-03 8.891980047379684945e-06 1.115873901165083254e-01 1.346143452787133647e-02 2.124723349721926655e-02 5.059638258897397427e-03 1.186746279315361446e-03 8.891980047379684945e-06 1.115873901165083254e-01 1.346143452787133647e-02
5.500000000000000000e+03 2.127444077781689286e-02 8.923740092651235092e-03 1.229351241587506131e-03 5.063682827283949976e-06 1.107494712356649896e-01 1.290688973993755519e-02 2.006316648361958221e-02 8.985528405490814108e-03 1.229351241587506131e-03 5.063682827283949976e-06 1.107494712356649896e-01 1.290688973993755519e-02
6.000000000000000000e+03 3.336416160362899730e-02 7.200227365414773976e-04 1.239324432783919577e-03 1.841623860362466257e-05 1.105934644995912874e-01 1.428031538518908204e-02 3.130383639575043397e-02 7.184335878626162087e-04 1.239324432783919577e-03 1.841623860362466257e-05 1.105934644995912874e-01 1.428031538518908204e-02
6.500000000000000000e+03 2.663183267717605593e-02 2.147371638197014682e-03 1.188275445614352197e-03 1.049838515511764841e-05 1.111896152389023479e-01 1.368843324532405606e-02 2.487335624379846330e-02 2.165580665776678428e-03 1.188275445614352197e-03 1.049838515511764841e-05 1.111896152389023479e-01 1.368843324532405606e-02
7.000000000000000000e+03 2.118525035241475285e-02 5.386706581288387870e-03 1.152606413460461861e-03 2.941562301549916096e-06 1.117900462324342564e-01 1.284224232971459788e-02 1.981616324801997037e-02 5.454682559885891749e-03 1.152606413460461861e-03 2.941562301549916096e-06 1.117900462324342564e-01 1.284224232971459788e-02
7.500000000000000000e+03 2.104601391322197951e-02 4.765338589042564764e-03 1.124903595189277869e-03 1.382545838912744220e-06 1.118476767159619634e-01 1.244942111555194172e-02 1.959730386866796042e-02 4.841389953149368222e-03 1.124903595189277869e-03 1.382545838912744220e-06 1.118476767159619634e-01 1.244942111555194172e-02
8.000000000000000000e+03 2.011524074595411396e-02 2.631307675901162560e-03 1.024156607394257094e-03 2.583024455462892459e-06 1.121268533488916641e-01 1.044510655866837806e-02 1.873539558667172700e-02 2.694745042633027009e-03 1.024156607394257094e-03 2.583024455462892459e-06 1.121268533488916641e-01 1.044510655866837806e-02
8.500000000000000000e+03 1.945598660627039997e-02 6.973316007028401535e-04 9.824422727966728754e-04 4.320656708203036067e-05 1.121449571561572156e-01 9.014603497585333552e-03 1.798800209146133103e-02 6.607856634502523065e-04 9.824422727966728754e-04 4.320656708203036067e-05 1.121449571561572156e-01 9.014603497585333552e-03
9.000000000000000000e+03 1.904130708842510442e-02 6.096923091276625984e-04 9.668697096818834385e-04 5.909462532457783143e-05 1.124596408898594774e-01 8.898280407932512154e-03 1.755719250076940088e-02 5.565486926502259376e-04 9.668697096818834385e-04 5.909462532457783143e-05 1.124596408898594774e-01 8.898280407932512154e-03
9.500000000000000000e+03 1.879171424519986144e-02 6.103994861702277414e-04 9.595274319038631008e-04 6.273005262064136893e-05 1.126280284243480340e-01 8.865389845463244115e-03 1.725623726001723757e-02 5.546321525695081323e-04 9.595274319038631008e-04 6.273005262064136893e-05 1.126280284243480340e-01 8.865389845463244115e-03
1.000000000000000000e+04 1.867299003075480537e-02 6.261730379281683608e-04 9.568857245708598924e-04 6.092966468477804191e-05 1.126746956228166785e-01 8.857089572422266119e-03 1.708865916955749908e-02 5.705716480603647807e-04 9.568857245708598924e-04 6.092966468477804191e-05 1.126746956228166785e-01 8.857089572422266119e-03
1.050000000000000000e+04 1.861532360369452452e-02 6.400194003741779564e-04 9.553645905929777308e-04 5.852603814233852574e-05 1.126725776836201287e-01 8.853437617123427472e-03 1.698065707307505612e-02 5.828816052836263261e-04 9.553645905929777308e-04 5.852603814233852574e-05 1.126725776836201287e-01 8.853437617123427472e-03
1.100000000000000000e+04 1.858208255287199101e-02 6.512328719072233568e-04 9.540652972955049804e-04 5.612016968225557617e-05 1.126552618954403534e-01 8.850965855762364318e-03 1.688898168412291192e-02 5.917675155969301555e-04 9.540652972955049804e-04 5.612016968225557617e-05 1.126552618954403534e-01 8.850965855762364318e-03
1.150000000000000000e+04 1.855540565596597649e-02 6.613871684595537493e-04 9.528202651175128515e-04 5.354020267558745285e-05 1.126367888018253438e-01 8.848905244344193108e-03 1.680042327347545938e-02 5.998014001205177314e-04 9.528202651175128515e-04 5.354020267558745285e-05 1.126367888018253438e-01 8.848905244344193108e-03
1.200000000000000000e+04 1.853274003992603017e-02 6.698475153945749987e-04 9.516435239098311634e-04 5.108044785730056031e-05 1.126193560119189557e-01 8.846944821662745470e-03 1.671751170472343673e-02 6.063527596587737090e-04 9.516435239098311634e-04 5.108044785730056031e-05 1.126193560119189557e-01 8.846944821662745470e-03
1.250000000000000000e+04 1.840849159460365009e-02 8.419218570589495588e-04 9.738944201349907046e-04 7.854361015215065669e-05 1.129074044827930584e-01 8.724100605885675222e-03 1.677900093059096071e-02 7.411765376028827497e-04 9.738944201349907046e-04 7.854361015215065669e-05 1.129074044827930584e-01 8.724100605885675222e-03
1.300000000000000000e+04 1.882159373516104767e-02 5.913778377105516695e-04 9.321045961602392356e-04 3.315225991690703175e-05 1.124584276454327902e-01 8.961644234335703132e-03 1.672812942137509584e-02 5.423379449528933265e-04 9.321045961602392356e-04 3.315225991690703175e-05 1.124584276454327902e-01 8.961644234335703132e-03
1.350000000000000000e+04 1.896843558110165862e-02 5.434782551758772983e-04 9.218885170363777352e-04 2.681743984465296605e-05 1.124424890806663829e-01 9.037363985771566452e-03 1.677407482925929658e-02 5.016978292029153743e-04 9.218885170363777352e-04 2.681743984465296605e-05 1.124424890806663829e-01 9.037363985771566452e-03
1.400000000000000000e+04 1.973321223416876422e-02 4.451085165322608600e-04 9.025958426878594480e-04 1.614426298033393059e-05 1.122065149203713280e-01 9.243300037769103250e-03 1.737214101108161893e-02 4.177660306479704603e-04 9.025958426878594480e-04 1.614426298033393059e-05 1.122065149203713280e-01 9.243300037769103250e-03
1.450000000000000000e+04 1.841506868050811138e-02 8.748604681794406191e-04 9.843789598295493368e-04 6.159407960130075044e-05 1.127485085005077992e-01 8.720807008245401448e-03 1.662189783308196805e-02 7.516667789870404640e-04 9.843789598295493368e-04 6.159407960130075044e-05 1.127485085005077992e-01 8.720807008245401448e-03
1.500000000000000000e+04 1.921895429612925296e-02 4.736548396338170113e-04 8.968921726002659391e-04 2.237874471876194038e-05 1.123809990485077209e-01 9.138164164543280746e-03 1.679365564587951762e-02 4.422361862737576345e-04 8.968921726002659391e-04 2.237874471876194038e-05 1.123809990485077209e-01 9.138164164543280746e-03
1.550000000000000000e+04 1.795403751930360614e-02 7.123770562604092409e-04 9.317404783431666379e-04 4.304511578566880508e-05 1.130592322994406346e-01 8.833657381062003100e-03 1.595868538453709684e-02 6.432717269969617097e-04 9.317404783431666379e-04 4.304511578566880508e-05 1.130592322994406346e-01 8.833657381062003100e-03
1.600000000000000000e+04 1.839121857544539010e-02 9.112032063088680708e-04 9.966709970396752782e-04 8.012005472428010552e-05 1.128617488137730607e-01 8.694415552233410519e-03 1.666683428035389825e-02 8.023121238472069160e-04 9.966709970396752782e-04 8.012005472428010552e-05 1.128617488137730607e-01 8.694415552233410519e-03
1.650000000000000000e+04 1.932572573386979325e-02 4.159973615838780548e-04 8.261892591094004536e-04 1.650733169340046447e-05 1.127199002667107486e-01 9.274934016362024886e-03 1.693502363012724249e-02 3.956334735865369551e-04 8.261892591094004536e-04 1.650733169340046447e-05 1.127199002667107486e-01 9.274934016362024886e-03
1.700000000000000000e+04 3.060225008828639237e-01 1.029033986687953872e-01 1.655117068837634944e-02 9.345607219507387443e-04 2.027272538983520556e-01 1.456125728149066344e-02 2.783727093835598465e-01 1.062009027521426119e-01 1.655117068837634944e-02 9.345607219507387443e-04 2.027272538983520556e-01 1.456125728149066344e-02
1.750000000000000000e+04 4.908431416455175805e-02 3.799628738474503109e-03 2.076294108368282459e-03 2.925422998067997551e-07 1.044309620808013261e-01 1.579946419281125919e-02 4.864192834696880879e-02 3.780710621796382672e-03 2.076294108368282459e-03 2.925422998067997551e-07 1.044309620808013261e-01 1.579946419281125919e-02
1.800000000000000000e+04 3.957704496139544809e-02 1.411877121724890768e-03 1.689053173819183695e-03 2.039534600153595300e-06 1.077832142640779284e-01 1.579426166082531502e-02 3.682093609496728953e-02 1.558180599404115473e-03 1.689053173819183695e-03 2.039534600153595300e-06 1.077832142640779284e-01 1.579426166082531502e-02
1.850000000000000000e+04 3.668154699155084381e-02 1.438981616049959077e-03 1.544783802104510292e-03 3.505819825986162962e-06 1.093568417621012118e-01 1.583773548455796529e-02 3.329038861638476676e-02 1.624148787033113765e-03 1.544783802104510292e-03 3.505819825986162962e-06 1.093568417621012118e-01 1.583773548455796529e-02
1.900000000000000000e+04 3.513495403152584046e-02 1.499182838839950571e-03 1.499832805550884232e-03 3.893861203969934124e-06 1.101239503323317437e-01 1.586652747308940972e-02 3.181466700459546770e-02 1.678205356348707374e-03 1.499832805550884232e-03 3.893861203969934124e-06 1.101239503323317437e-01 1.586652747308940972e-02
1.950000000000000000e+04 3.397781039137984932e-02 1.552722501193452495e-03 1.481203756101617461e-03 4.144756461909746458e-06 1.106628901102660045e-01 1.589193336114685592e-02 3.082733463523141051e-02 1.715337485408260617e-03 1.481203756101617461e-03 4.144756461909746458e-06 1.106628901102660045e-01 1.589193336114685592e-02
2.000000000000000000e+04 3.306153832595229436e-02 1.611890399997219746e-03 1.469313675807489266e-03 4.449110315007969453e-06 1.111026274381059498e-01 1.591545699157211405e-02 3.004989084237240024e-02 1.758474761240533171e-03 1.469313675807489266e-03 4.449110315007969453e-06 1.111026274381059498e-01 1.591545699157211405e-02
2.050000000000000000e+04 3.236927601518980319e-02 1.684575256323089061e-03 1.460966669601440875e-03 4.829904648758877189e-06 1.114228855808628432e-01 1.593589463903183345e-02 2.944861952950015779e-02 1.816453833126339392e-03 1.460966669601440875e-03 4.829904648758877189e-06 1.114228855808628432e-01 1.593589463903183345e-02
2.100000000000000000e+04 3.185291879239954965e-02 1.777429373998009937e-03 1.454326311464995431e-03 5.317441665841578855e-06 1.116178716116083269e-01 1.595154538567404232e-02 2.898171990424074779e-02 1.893603802668391602e-03 1.454326311464995431e-03 5.317441665841578855e-06 1.116178716116083269e-01 1.595154538567404232e-02
2.150000000000000000e+04 3.143224937047649908e-02 1.890645443131200830e-03 1.447400433358869568e-03 5.955721058519328972e-06 1.117203401587396755e-01 1.596008989412031967e-02 2.857983716413583369e-02 1.988489276982679382e-03 1.447400433358869568e-03 5.955721058519328972e-06 1.117203401587396755e-01 1.596008989412031967e-02
2.200000000000000000e+04 3.103754584031208352e-02 2.022139895323845065e-03 1.439436651845146971e-03 6.757178615348853384e-06 1.117711560365501205e-01 1.595926150996910403e-02 2.818183889734021674e-02 2.098812286579722006e-03 1.439436651845146971e-03 6.757178615348853384e-06 1.117711560365501205e-01 1.595926150996910403e-02
2.250000000000000000e+04 3.062930133863077040e-02 2.173129226599595197e-03 1.430689992902523400e-03 7.678940736774961283e-06 1.118015971599065628e-01 1.594960566529221579e-02 2.775441467899175674e-02 2.226661101041647276e-03 1.430689992902523400e-03 7.678940736774961283e-06 1.118015971599065628e-01 1.594960566529221579e-02
2.300000000000000000e+04 3.022397767696052145e-02 2.336825119447258348e-03 1.421696774686291966e-03 8.692357096697995167e-06 1.118097832896417509e-01 1.593118100647739760e-02 2.732285411917447643e-02 2.368677373547544047e-03 1.421696774686291966e-03 8.692357096697995167e-06 1.118097832896417509e-01 1.593118100647739760e-02
2.350000000000000000e+04 2.987794799653671271e-02 2.493842728962330623e-03 1.413395397341742857e-03 9.795404772466001321e-06 1.117725317307819294e-01 1.590197836341400439e-02 2.696156937831288916e-02 2.506222100448529926e-03 1.413395397341742857e-03 9.795404772466001321e-06 1.117725317307819294e-01 1.590197836341400439e-02
2.400000000000000000e+04 2.955200805942984066e-02 2.644539166880251375e-03 1.405263796363168897e-03 1.101453154421094956e-05 1.117272180640978690e-01 1.586495221803981004e-02 2.663802864986212354e-02 2.636724582064749710e-03 1.405263796363168897e-03 1.101453154421094956e-05 1.117272180640978690e-01 1.586495221803981004e-02
2.450000000000000000e+04 2.921898740226581276e-02 2.805931392535686904e-03 1.396895227240760057e-03 1.233213950844711207e-05 1.116702280798841235e-01 1.582333765015173435e-02 2.631688605468239517e-02 2.781048846162152439e-03 1.396895227240760057e-03 1.233213950844711207e-05 1.116702280798841235e-01 1.582333765015173435e-02
2.500000000000000000e+04 2.888092707434050319e-02 3.026781023196375466e-03 1.391711302329201941e-03 1.296811753084385429e-05 1.116361284461788311e-01 1.582519047208503712e-02 2.600383138809554337e-02 3.000683342010010673e-03 1.391711302329201941e-03 1.296811753084385429e-05 1.116361284461788311e-01 1.582519047208503712e-02
2.550000000000000000e+04 2.728371312836341822e-02 4.656843136246068167e-03 1.391506157770898812e-03 1.373998420390285002e-05 1.116435370809831795e-01 1.608519879689993340e-02 2.447679430205758691e-02 4.621266899892751204e-03 1.391506157770898812e-03 1.373998420390285002e-05 1.116435370809831795e-01 1.608519879689993340e-02
2.600000000000000000e+04 2.974080687610339974e-02 2.296464401639965007e-03 1.388025498946704461e-03 1.064953334160315351e-05 1.117314916770421468e-01 1.569575870440158630e-02 2.682209952342340734e-02 2.308424539959396966e-03 1.388025498946704461e-03 1.064953334160315351e-05 1.117314916770421468e-01 1.569575870440158630e-02
2.650000000000000000e+04 2.954097920332520236e-02 2.867539758855231369e-03 1.430347002653276902e-03 1.073582192471644852e-05 1.112060837663581270e-01 1.584196425940952516e-02 2.650895023751194055e-02 2.894455653599810763e-03 1.430347002653276902e-03 1.073582192471644852e-05 1.112060837663581270e-01 1.584196425940952516e-02
2.700000000000000000e+04 2.872144038281994327e-02 3.236233763994096103e-03 1.397425675016311609e-03 1.100902355266570676e-05 1.116042541101242569e-01 1.589781525031200640e-02 2.581178995864087666e-02 3.272330429033279767e-03 1.397425675016311609e-03 1.100902355266570676e-05 1.116042541101242569e-01 1.589781525031200640e-02
2.750000000000000000e+04 2.397044025675256276e-02 1.161113724574743510e-02 1.291759932472587389e-03 1.141695186133687929e-05 1.118641494753694482e-01 1.716275824468121644e-02 2.135809145769927350e-02 1.156097559022241025e-02 1.291759932472587389e-03 1.141695186133687929e-05 1.118641494753694482e-01 1.716275824468121644e-02
2.800000000000000000e+04 2.950570947522773019e-02 2.689807083342009297e-03 1.403869815961868899e-03 1.122861306631601372e-05 1.116243547616253273e-01 1.585138050236602203e-02 2.656144392406199067e-02 2.735636588694966530e-03 1.403869815961868899e-03 1.122861306631601372e-05 1.116243547616253273e-01 1.585138050236602203e-02
2.850000000000000000e+04 2.994997302340890802e-02 2.497274477736196804e-03 1.414551593461146548e-03 1.146268187613954134e-05 1.116270019560454546e-01 1.587615677068357142e-02 2.697993828544810804e-02 2.539781521918170644e-03 1.414551593461146548e-03 1.146268187613954134e-05 1.116270019560454546e-01 1.587615677068357142e-02
2.900000000000000000e+04 3.122391690791885555e-02 2.885311272212493644e-03 1.516549183600711739e-03 7.423784533027947515e-06 1.105465362109453314e-01 1.626395801328801502e-02 2.784118345659300844e-02 2.910159853854744124e-03 1.516549183600711739e-03 7.423784533027947515e-06 1.105465362109453314e-01 1.626395801328801502e-02
2.950000000000000000e+04 2.942713710449033210e-02 2.725856131592888521e-03 1.401161375414537074e-03 1.631029789176940620e-05 1.115921200213076669e-01 1.580523890780196478e-02 2.644285175340618105e-02 2.777294362825771194e-03 1.401161375414537074e-03 1.631029789176940620e-05 1.115921200213076669e-01 1.580523890780196478e-02
3.000000000000000000e+04 3.000349126731116298e-02 2.482649309326661474e-03 1.415509742992645615e-03 1.492108254889752370e-05 1.115939588364575769e-01 1.582472931781489858e-02 2.698551980286447924e-02 2.533496929688682040e-03 1.415509742992645615e-03 1.492108254889752370e-05 1.115939588364575769e-01 1.582472931781489858e-02
3.050000000000000000e+04 3.043368288368851829e-02 2.319516442673803195e-03 1.427933849883878704e-03 1.244471360952090257e-05 1.115466211437760036e-01 1.580816534933877568e-02 2.739074591904615275e-02 2.360199629897613127e-03 1.427933849883878704e-03 1.244471360952090257e-05 1.115466211437760036e-01 1.580816534933877568e-02
3.100000000000000000e+04 3.125385157761913224e-02 2.022142403616367969e-03 1.448202101751939986e-03 8.614687490435981427e-06 1.114628139570410098e-01 1.574194632832319127e-02 2.819255515922977628e-02 2.049397820912492174e-03 1.448202101751939986e-03 8.614687490435981427e-06 1.114628139570410098e-01 1.574194632832319127e-02
3.150000000000000000e+04 1.909908959018830760e-02 1.012139284496257939e-03 9.781026990316864927e-04 1.609253057566825196e-06 1.123167187310693954e-01 9.244534413207773985e-03 1.686091846328921853e-02 1.010727543197668596e-03 9.781026990316864927e-04 1.609253057566825196e-06 1.123167187310693954e-01 9.244534413207773985e-03
3.200000000000000000e+04 1.863130170848744174e-02 7.124194851438925584e-04 9.563509947696796241e-04 3.733603972836824903e-05 1.126015615280488019e-01 8.885400498433927707e-03 1.667363812081664592e-02 7.001382082320074807e-04 9.563509947696796241e-04 3.733603972836824903e-05 1.126015615280488019e-01 8.885400498433927707e-03
3.250000000000000000e+04 1.858107024222437412e-02 6.601586756609188061e-04 9.525871623837572303e-04 5.067002666299605119e-05 1.125821442996143146e-01 8.853180134797033335e-03 1.664282842056036965e-02 6.184669989386291054e-04 9.525871623837572303e-04 5.067002666299605119e-05 1.125821442996143146e-01 8.853180134797033335e-03
3.300000000000000000e+04 1.850367963304058380e-02 6.574242469618171930e-04 9.501151899468491223e-04 5.061042721538330032e-05 1.126008802281923682e-01 8.842403841284806124e-03 1.659369633192069385e-02 6.041107534426837190e-04 9.501151899468491223e-04 5.061042721538330032e-05 1.126008802281923682e-01 8.842403841284806124e-03
3.350000000000000000e+04 1.844501147437784677e-02 6.641651392462151254e-04 9.483401199499902519e-04 4.883606613958838547e-05 1.126111239043232209e-01 8.836447630591737559e-03 1.657686191623000335e-02 6.056129736675315307e-04 9.483401199499902519e-04 4.883606613958838547e-05 1.126111239043232209e-01 8.836447630591737559e-03
3.400000000000000000e+04 1.840585011771291371e-02 6.698419535074147477e-04 9.470305171672235064e-04 4.769209961556053452e-05 1.126130260011266732e-01 8.832508287278835468e-03 1.658197774616625500e-02 6.089237140545941370e-04 9.470305171672235064e-04 4.769209961556053452e-05 1.126130260011266732e-01 8.832508287278835468e-03
3.450000000000000000e+04 2.075880994868043936e-02 6.286338103291086877e-04 5.547837509745986865e-04 1.308912701508198942e-05 1.115198754819321514e-01 8.966130014647201094e-03 1.834782344754971872e-02 5.840191174154920088e-04 5.547837509745986865e-04 1.308912701508198942e-05 1.115198754819321514e-01 8.966130014647201094e-03
3.500000000000000000e+04 1.800691516149729651e-02 7.196734565573652568e-04 9.304844513410437260e-04 1.111135388363395119e-04 1.129482336092752642e-01 8.799594820842145115e-03 1.640467733742622183e-02 6.435302686004060364e-04 9.304844513410437260e-04 1.111135388363395119e-04 1.129482336092752642e-01 8.799594820842145115e-03
3.550000000000000000e+04 1.805265471178228373e-02 7.264602906762952696e-04 9.292427546360687400e-04 1.432710069140901679e-04 1.128762013061049008e-01 8.788515605027052979e-03 1.646006349907697466e-02 6.562766761486301574e-04 9.292427546360687400e-04 1.432710069140901679e-04 1.128762013061049008e-01 8.788515605027052979e-03
3.600000000000000000e+04 1.817716596563241291e-02 7.145641894280895315e-04 1.011161829598170329e-03 3.837119032868488964e-05 1.127039595757456797e-01 8.801236025531122831e-03 1.658397941946766763e-02 6.425700685615790171e-04 1.011161829598170329e-03 3.837119032868488964e-05 1.127039595757456797e-01 8.801236025531122831e-03
3.650000000000000000e+04 1.863109208342051196e-02 6.639711104861224919e-04 8.379778712819935509e-04 1.954428321383441152e-05 1.124440970458616545e-01 8.838526922463845956e-03 1.693293452204277724e-02 6.046927455292984421e-04 8.379778712819935509e-04 1.954428321383441152e-05 1.124440970458616545e-01 8.838526922463845956e-03
3.700000000000000000e+04 1.936283863428190505e-02 6.518762024523303087e-04 6.250285617802673992e-04 4.323366538822636719e-05 1.122372992860316832e-01 8.896075763764586114e-03 1.752053642030542563e-02 6.138261884391688246e-04 6.250285617802673992e-04 4.323366538822636719e-05 1.122372992860316832e-01 8.896075763764586114e-03
3.750000000000000000e+04 1.772642157990991785e-02 8.808477758862331150e-04 1.231606973685374839e-03 1.880558337418868238e-04 1.129988587878716089e-01 8.712324130375473027e-03 1.645295939442113081e-02 7.623647754472995470e-04 1.231606973685374839e-03 1.880558337418868238e-04 1.129988587878716089e-01 8.712324130375473027e-03
3.800000000000000000e+04 1.827765928002162213e-02 7.484273948098158847e-04 6.506744685310897509e-04 5.029817774061791049e-05 1.129671734853262971e-01 8.763405021335350306e-03 1.691946057624834146e-02 6.857401339938111679e-04 6.506744685310897509e-04 5.029817774061791049e-05 1.129671734853262971e-01 8.763405021335350306e-03
3.850000000000000000e+04 1.786243298565879517e-02 1.185369238089038638e-03 1.311528610216283492e-03 1.253528311320480202e-04 1.132602449169090170e-01 8.642219367100998501e-03 1.682428563884347597e-02 9.101321777862648966e-04 1.311528610216283492e-03 1.253528311320480202e-04 1.132602449169090170e-01 8.642219367100998501e-03
3.900000000000000000e+04 1.875241791672188629e-02 5.629213274656525486e-04 7.631701060917225107e-04 4.907840017255892852e-05 1.123970861876328470e-01 8.917797793436814391e-03 1.697623886127837267e-02 5.587795259349145676e-04 7.631701060917225107e-04 4.907840017255892852e-05 1.123970861876328470e-01 8.917797793436814391e-03
3.950000000000000000e+04 1.771657164266817602e-02 9.057878028045161355e-04 1.245981080701710243e-03 6.445052107444226961e-05 1.129135392637241331e-01 8.718433983640650961e-03 1.636552868718338036e-02 7.899261469334005990e-04 1.245981080701710243e-03 6.445052107444226961e-05 1.129135392637241331e-01 8.718433983640650961e-03
4.000000000000000000e+04 1.827062689918090149e-02 9.873521854511114332e-04 1.480511034185047481e-03 4.023673364877249634e-05 1.121046907436400591e-01 8.701291638032810499e-03 1.644917552349331805e-02 8.110905517073956853e-04 1.480511034185047481e-03 4.023673364877249634e-05 1.121046907436400591e-01 8.701291638032810499e-03
4.050000000000000000e+04 1.914347729434665024e-02 5.781056991059518218e-04 7.025388318091076514e-04 8.551078646934544159e-06 1.120088125522195749e-01 8.921209695046006249e-03 1.671753122688167045e-02 5.833700823775719337e-04 7.025388318091076514e-04 8.551078646934544159e-06 1.120088125522195749e-01 8.921209695046006249e-03
4.100000000000000000e+04 1.716425522549162169e-02 9.270015441254518323e-04 1.455590367095006181e-03 2.198339864512972278e-04 1.131815565679632068e-01 8.715552294973063011e-03 1.543926899079831744e-02 7.995122484153347961e-04 1.455590367095006181e-03 2.198339864512972278e-04 1.131815565679632068e-01 8.715552294973063011e-03
4.150000000000000000e+04 1.885987960387236137e-02 5.446117037499540034e-04 6.792402800460874569e-04 6.141726540830098012e-05 1.121175825032580675e-01 8.947835997268439173e-03 1.603758760203664174e-02 5.473126082051440111e-04 6.792402800460874569e-04 6.141726540830098012e-05 1.121175825032580675e-01 8.947835997268439173e-03
4.200000000000000000e+04 1.745821492878602693e-02 6.921768754116684698e-04 1.149994033118554443e-03 1.528358984848800391e-04 1.126541074495054084e-01 8.812697826177285851e-03 1.514035197976416544e-02 6.247605479242399713e-04 1.149994033118554443e-03 1.528358984848800391e-04 1.126541074495054084e-01 8.812697826177285851e-03
4.250000000000000000e+04 1.774069970936252225e-02 8.337644880088106300e-04 1.229445433692833833e-03 6.435707976809960376e-05 1.120521881697036648e-01 8.755023090149256781e-03 1.537458327408773411e-02 6.490251909977894302e-04 1.229445433692833833e-03 6.435707976809960376e-05 1.120521881697036648e-01 8.755023090149256781e-03
4.300000000000000000e+04 1.753644143782307277e-02 7.187119990904757396e-04 1.214875962046957966e-03 1.115112394077150441e-04 1.118014191351451303e-01 8.799276762924749390e-03 1.536087298565676044e-02 5.883648265496539903e-04 1.214875962046957966e-03 1.115112394077150441e-04 1.118014191351451303e-01 8.799276762924749390e-03
4.350000000000000000e+04 1.795390880252937388e-02 5.453403863626088508e-04 7.066139794691176073e-04 4.450239603346778800e-05 1.099969794954557822e-01 8.862250905929921693e-03 1.560803644267452425e-02 4.722344034837162516e-04 7.066139794691176073e-04 4.450239603346778800e-05 1.099969794954557822e-01 8.862250905929921693e-03
4.400000000000000000e+04 1.630974722261603269e-03 8.735967447530327114e-04 5.254692965148806215e-05 1.500053495255161702e-05 7.792978832407926326e-02 9.606405513748613248e-03 1.521150642434857892e-03 8.771976688476678134e-04 5.254692965148806215e-05 1.500053495255161702e-05 7.792978832407926326e-02 9.606405513748613248e-03
4.450000000000000000e+04 2.524160982411247523e-03 2.104557993077901552e-03 1.432449667486663082e-04 2.479289863511388017e-04 7.608162808811973210e-02 9.808373628519190257e-03 1.237100406118286445e-03 1.077279222566927775e-03 1.432449667486663082e-04 2.479289863511388017e-04 7.608162808811973210e-02 9.808373628519190257e-03
4.500000000000000000e+04 6.671565971288762054e-04 6.217784279286076108e-04 7.189078343304957505e-06 1.522987008510014850e-07 7.572544777997101961e-02 1.060176103256853242e-02 6.864469448682135712e-04 6.269273234433335278e-04 7.189078343304957505e-06 1.522987008510014850e-07 7.572544777997101961e-02 1.060176103256853242e-02
4.550000000000000000e+04 6.380815163430557466e-04 6.093458451276996621e-04 1.632873431807766129e-06 3.656007921980001511e-07 7.573566176005024075e-02 1.063126587178071271e-02 6.551363599531955699e-04 6.158443078616360807e-04 1.632873431807766129e-06 3.656007921980001511e-07 7.573566176005024075e-02 1.063126587178071271e-02
4.600000000000000000e+04 6.574327520179068258e-04 6.044209351953867783e-04 8.008625764832723318e-07 1.227332905333071821e-05 7.577102361338496073e-02 1.073849531438034882e-02 5.561982776158665371e-04 5.961818511802840148e-04 8.008625764832723318e-07 1.227332905333071821e-05 7.577102361338496073e-02 1.073849531438034882e-02
4.650000000000000000e+04 6.713477993286365731e-04 6.083674245415543209e-04 1.015935463494330423e-05 1.413333350699711203e-09 7.571795643194445535e-02 1.061197029349810611e-02 6.809211100091208668e-04 6.174114543892109380e-04 1.015935463494330423e-05 1.413333350699711203e-09 7.571795643194445535e-02 1.061197029349810611e-02
4.700000000000000000e+04 1.424958630232757298e-03 2.390628342056452284e-03 6.853671772831958946e-06 3.909409813420287373e-04 7.574644171983155316e-02 9.712271383609791253e-03 1.474018355675205984e-03 1.156278756901763221e-03 6.853671772831958946e-06 3.909409813420287373e-04 7.574644171983155316e-02 9.712271383609791253e-03
4.750000000000000000e+04 6.620523498494133244e-04 6.164643153682370031e-04 3.715834239579890898e-06 3.512558174812388183e-06 7.574031056207877755e-02 1.061433759504554208e-02 6.492661533633412464e-04 6.273202757342657195e-04 3.715834239579890898e-06 3.512558174812388183e-06 7.574031056207877755e-02 1.061433759504554208e-02
4.800000000000000000e+04 4.501203308225753684e-04 6.511498851583537957e-04 5.747671638325136001e-06 3.672158936317237006e-06 7.575140500279563260e-02 1.090311414350179225e-02 4.428590214128185496e-04 5.762405794736378010e-04 5.747671638325136001e-06 3.672158936317237006e-06 7.575140500279563260e-02 1.090311414350179225e-02
4.850000000000000000e+04 6.466116524284664562e-04 6.071932346140543248e-04 3.212907436016247844e-06 1.136537375779332984e-07 7.572621441214248683e-02 1.061455699963523812e-02 6.677487008991720525e-04 6.190924627017186429e-04 3.212907436016247844e-06 1.136537375779332984e-07 7.572621441214248683e-02 1.061455699963523812e-02
4.900000000000000000e+04 6.832080482873138533e-04 6.329248041650211267e-04 5.881195833668816514e-07 4.452026001468113349e-08 7.575059465919195545e-02 1.058402094012687866e-02 6.641398273172208124e-04 6.442919142898806363e-04 5.881195833668816514e-07 4.452026001468113349e-08 7.575059465919195545e-02 1.058402094012687866e-02
4.950000000000000000e+04 6.549353979715007417e-04 6.149628411270377428e-04 3.687468367869775759e-06 9.690695412646652951e-09 7.572458239737391017e-02 1.059831474259555900e-02 6.765903210570270183e-04 6.276740207107474019e-04 3.687468367869775759e-06 9.690695412646652951e-09 7.572458239737391017e-02 1.059831474259555900e-02
5.000000000000000000e+04 6.443937351151909909e-04 6.062698029880132051e-04 3.474645052875695377e-06 1.702264141870210082e-07 7.572530269443925044e-02 1.061677530560994724e-02 6.654666668360420881e-04 6.190173218523770246e-04 3.474645052875695377e-06 1.702264141870210082e-07 7.572530269443925044e-02 1.061677530560994724e-02
5.050000000000000000e+04 5.198433516510503772e-04 5.807189398064961129e-04 2.635131894912544752e-07 1.808831718803749665e-05 7.573524497072459116e-02 1.085959952563594552e-02 5.337050898831262108e-04 5.182764706946435497e-04 2.635131894912544752e-07 1.808831718803749665e-05 7.573524497072459116e-02 1.085959952563594552e-02
5.100000000000000000e+04 7.194319018860735040e-04 6.046887415962078722e-04 1.747623089680205456e-05 1.348809512955817451e-08 7.571234433172256695e-02 1.059733448832439646e-02 6.983083292052846922e-04 6.177604140582531461e-04 1.747623089680205456e-05 1.348809512955817451e-08 7.571234433172256695e-02 1.059733448832439646e-02
5.150000000000000000e+04 3.575311610693392411e-03 5.656844812221969651e-04 5.317432655552764391e-04 1.085932922050100819e-05 7.592206414716888563e-02 1.065526971555573466e-02 8.115338834153587935e-04 5.536002971605004288e-04 5.317432655552764391e-04 1.085932922050100819e-05 7.592206414716888563e-02 1.065526971555573466e-02
5.200000000000000000e+04 6.191981381988755778e-04 5.905911903614396215e-04 8.075028038379923118e-06 2.926872424371260266e-06 7.572115097774961834e-02 1.066232881156719062e-02 6.392407708716355257e-04 5.991171740116070206e-04 8.075028038379923118e-06 2.926872424371260266e-06 7.572115097774961834e-02 1.066232881156719062e-02
5.250000000000000000e+04 6.511918610384541525e-04 6.126751438785953694e-04 2.520300571421976451e-06 2.191789426147046227e-08 7.572611792946427889e-02 1.060255659360910888e-02 6.723730216715425798e-04 6.263652559896989861e-04 2.520300571421976451e-06 2.191789426147046227e-08 7.572611792946427889e-02 1.060255659360910888e-02
5.300000000000000000e+04 6.947003547296443397e-04 6.202979940886638307e-04 9.231425936897385979e-06 3.841771557406402020e-07 7.571742786722115981e-02 1.057338131138279083e-02 7.015848342354839666e-04 6.334224305003117441e-04 9.231425936897385979e-06 3.841771557406402020e-07 7.571742786722115981e-02 1.057338131138279083e-02
5.350000000000000000e+04 7.597921372203319049e-04 7.360706250933000570e-04 1.162026598822013504e-07 5.630357791078228794e-06 7.573716419303644365e-02 1.043931814801827597e-02 7.598657257767586553e-04 7.132434058207167814e-04 1.162026598822013504e-07 5.630357791078228794e-06 7.573716419303644365e-02 1.043931814801827597e-02
5.400000000000000000e+04 6.448848812535506840e-04 6.125766594914883135e-04 1.738409785200562977e-06 8.356772842281398630e-11 7.572808606875315596e-02 1.060844709703522883e-02 6.641757596668192805e-04 6.267741926629759319e-04 1.738409785200562977e-06 8.356772842281398630e-11 7.572808606875315596e-02 1.060844709703522883e-02
5.450000000000000000e+04 6.463709078548485415e-04 6.072545922469931978e-04 4.128703368863180254e-06 5.647595274359348907e-08 7.572273607166972453e-02 1.061350020601349066e-02 6.670001697019365891e-04 6.213472329602107592e-04 4.128703368863180254e-06 5.647595274359348907e-08 7.572273607166972453e-02 1.061350020601349066e-02
5.500000000000000000e+04 6.148304850117107187e-04 5.823150341600515480e-04 9.434077349830658862e-06 7.039546267651412718e-06 7.572093138951134506e-02 1.067599267551349977e-02 6.340739853441141076e-04 5.890344549999130706e-04 9.434077349830658862e-06 7.039546267651412718e-06 7.572093138951134506e-02 1.067599267551349977e-02
5.550000000000000000e+04 6.843209602201733195e-04 6.150697499559048750e-04 9.302087666922759593e-06 1.172606849042459718e-07 7.571721481480456206e-02 1.058553389636480817e-02 6.914575628621176225e-04 6.294934126719970097e-04 9.302087666922759593e-06 1.172606849042459718e-07 7.571721481480456206e-02 1.058553389636480817e-02
5.600000000000000000e+04 6.485290260519486951e-04 5.895475197751327097e-04 5.798916579782190431e-07 1.395594643724723692e-06 7.573190065290398565e-02 1.064397469866345397e-02 6.524433059253714621e-04 6.011406431459486149e-04 5.798916579782190431e-07 1.395594643724723692e-06 7.573190065290398565e-02 1.064397469866345397e-02
5.650000000000000000e+04 8.295916392631239554e-04 6.131351170348474204e-04 3.857699640623207772e-05 1.472929118688583812e-08 7.570918906881829447e-02 1.056239323727693399e-02 7.273041754528063781e-04 6.272311735257788280e-04 3.857699640623207772e-05 1.472929118688583812e-08 7.570918906881829447e-02 1.056239323727693399e-02
5.700000000000000000e+04 7.069115408175301448e-04 6.283655592146262982e-04 7.276151866255680907e-07 3.094447888881993849e-06 7.574441493634150036e-02 1.059138821258128263e-02 6.559272695809383524e-04 6.426919589104635420e-04 7.276151866255680907e-07 3.094447888881993849e-06 7.574441493634150036e-02 1.059138821258128263e-02
5.750000000000000000e+04 1.775299749663100408e-03 8.958733462895956783e-04 3.866973318813462721e-05 1.230833744530982237e-06 7.587565303414069151e-02 1.037368899117002870e-02 7.425932366829001091e-04 7.894423795135885324e-04 3.866973318813462721e-05 1.230833744530982237e-06 7.587565303414069151e-02 1.037368899117002870e-02
5.800000000000000000e+04 5.811430042376328165e-04 5.748071852302255678e-04 4.088223936210637288e-06 5.887052490379489564e-06 7.572489575960399122e-02 1.073513812636199549e-02 5.990636715136137512e-04 5.668786197319206641e-04 4.088223936210637288e-06 5.887052490379489564e-06 7.572489575960399122e-02 1.073513812636199549e-02
5.850000000000000000e+04 5.104626587009854048e-04 6.779350329573347305e-04 2.229531724444544795e-06 5.153398491786852486e-05 7.572277324213849692e-02 1.081326713429419176e-02 5.178341405881496315e-04 5.828916631290234672e-04 2.229531724444544795e-06 5.153398491786852486e-05 7.572277324213849692e-02 1.081326713429419176e-02
5.900000000000000000e+04 6.514069001439851646e-04 6.049048622439320367e-04 6.502292651992380526e-06 2.443689469745772084e-07 7.572142848546976890e-02 1.061340313730178148e-02 6.677819530828093923e-04 6.194345108552531520e-04 6.502292651992380526e-06 2.443689469745772084e-07 7.572142848546976890e-02 1.061340313730178148e-02
5.950000000000000000e+04 6.525307698310394257e-04 6.179507982449290639e-04 3.125303055884836165e-06 2.673325715180893181e-08 7.572378068328287914e-02 1.059441264770239269e-02 6.734550727591336744e-04 6.333252755311599659e-04 3.125303055884836165e-06 2.673325715180893181e-08 7.572378068328287914e-02 1.059441264770239269e-02
6.000000000000000000e+04 6.705559786785175464e-04 6.132251696671737681e-04 8.778047899415868474e-06 5.904648208513611822e-09 7.571941451945726764e-02 1.059104388845227493e-02 6.826287452950684015e-04 6.286203151395170028e-04 8.778047899415868474e-06 5.904648208513611822e-09 7.571941451945726764e-02 1.059104388845227493e-02
