# step, loss_train, loss_test, metrics_test
0.000000000000000000e+00 7.629575257834056434e-02 6.106119136826399646e-02 9.800999999999999712e-01 1.000000000000000048e-04 1.921041434622219879e-01 7.374444060149103197e-02 6.255522978648747623e-02 9.800999999999999712e-01 1.000000000000000048e-04 1.921041434622219879e-01
1.000000000000000000e+02 1.420994761085841345e-03 5.582229225812082975e-04 1.132340553039668599e-07 2.876139394863536375e-06 2.654551197991059531e-03 1.479240858312579369e-03 5.714047962545006683e-04 1.132340553039668599e-07 2.876139394863536375e-06 2.654551197991059531e-03
2.000000000000000000e+02 8.149723050115042968e-04 5.272220319573948889e-04 7.971238872757423630e-07 2.564871178656556879e-09 2.233847416873476453e-03 8.471364865542943198e-04 5.407513973679036780e-04 7.971238872757423630e-07 2.564871178656556879e-09 2.233847416873476453e-03
3.000000000000000000e+02 1.199244368199010641e-04 3.978743609589845099e-05 7.678866400617780735e-09 8.741558635039600416e-09 1.793326723654682436e-03 1.118880638301900316e-04 4.047969702768703694e-05 7.678866400617780735e-09 8.741558635039600416e-09 1.793326723654682436e-03
4.000000000000000000e+02 5.849545608008141766e-05 3.007280225061763842e-05 2.690689842957658883e-10 3.318172208341164607e-09 1.260235654796940585e-03 5.012352688074509562e-05 3.042487289697315002e-05 2.690689842957658883e-10 3.318172208341164607e-09 1.260235654796940585e-03
5.000000000000000000e+02 3.558732281359170443e-05 2.209196545287914738e-05 7.763599604649158529e-10 1.335364322989613748e-08 6.414189422876553914e-04 2.531531004992031573e-05 2.150859822528422869e-05 7.763599604649158529e-10 1.335364322989613748e-08 6.414189422876553914e-04
6.000000000000000000e+02 3.962233954609984928e-05 1.041110501617609447e-05 5.542844692419603449e-10 5.772520101163608066e-09 1.845043595093996745e-04 2.838165030525584051e-05 1.071961699482059817e-05 5.542844692419603449e-10 5.772520101163608066e-09 1.845043595093996745e-04
7.000000000000000000e+02 3.629792960232741531e-05 5.553617757277446918e-06 1.357140805325740776e-10 5.959300316730376791e-09 5.353496478635080531e-05 2.515474319742661133e-05 5.687998101396116015e-06 1.357140805325740776e-10 5.959300316730376791e-09 5.353496478635080531e-05
8.000000000000000000e+02 3.002397666917449386e-05 6.270448062740648356e-06 1.042318149974671528e-09 1.069591240500545049e-10 3.663373440296735365e-05 1.978453167095989835e-05 5.999630555543634320e-06 1.042318149974671528e-09 1.069591240500545049e-10 3.663373440296735365e-05
9.000000000000000000e+02 2.533172795674828526e-05 5.864973747393303994e-06 3.234969309406106679e-11 2.666059408453785870e-09 1.836689875490642499e-05 1.650531746727523839e-05 5.237610431247596924e-06 3.234969309406106679e-11 2.666059408453785870e-09 1.836689875490642499e-05
1.000000000000000000e+03 2.134286070975338151e-05 5.687976633290330546e-06 2.546541798256834248e-10 3.213168893950345976e-09 3.505755108846517865e-05 1.333727067680839989e-05 5.442767433161406924e-06 2.546541798256834248e-10 3.213168893950345976e-09 3.505755108846517865e-05
1.100000000000000000e+03 1.885989885703968268e-05 4.330427463628602064e-06 6.627344297954856489e-11 1.898429612539732079e-09 1.259426642433032932e-05 1.193041549317814493e-05 3.886354781035814189e-06 6.627344297954856489e-11 1.898429612539732079e-09 1.259426642433032932e-05
1.200000000000000000e+03 1.616706800628541364e-05 3.642256835026597323e-06 8.488181885447375792e-11 1.720072077957136234e-09 1.069029014332924455e-05 1.004835981347651535e-05 3.315662561234626755e-06 8.488181885447375792e-11 1.720072077957136234e-09 1.069029014332924455e-05
1.300000000000000000e+03 1.685351204821990855e-05 3.160071393370838565e-06 4.127883930013529727e-09 8.998320907661871557e-09 3.054099681249902796e-05 1.086063297366218400e-05 2.641692977907645658e-06 4.127883930013529727e-09 8.998320907661871557e-09 3.054099681249902796e-05
1.400000000000000000e+03 1.369247891003916058e-05 2.771969651147366809e-06 7.113107265694993401e-11 1.664028915616263326e-09 8.403825681250465308e-06 8.478704256817606183e-06 2.484789953112069439e-06 7.113107265694993401e-11 1.664028915616263326e-09 8.403825681250465308e-06
1.500000000000000000e+03 1.179410260176632584e-05 2.383431592264220658e-06 9.311984114066896752e-11 1.597580305243539956e-09 7.324123190564320824e-06 7.180760697571126338e-06 2.169243945085126366e-06 9.311984114066896752e-11 1.597580305243539956e-09 7.324123190564320824e-06
1.600000000000000000e+03 1.042627336703058390e-05 2.079798279584667648e-06 9.516708062854493744e-11 1.523254867502529010e-09 6.484582450109773990e-06 6.250464317323912774e-06 1.904506618858932502e-06 9.516708062854493744e-11 1.523254867502529010e-09 6.484582450109773990e-06
1.700000000000000000e+03 9.349756150502033255e-06 1.834322731858113975e-06 8.982248456983778894e-11 1.485127008658552037e-09 5.782670807223233212e-06 5.529802945978106181e-06 1.681367611958932819e-06 8.982248456983778894e-11 1.485127008658552037e-09 5.782670807223233212e-06
1.800000000000000000e+03 8.441584172421926979e-06 1.633657418674041962e-06 8.271868575764911237e-11 1.470807353554849208e-09 5.185190814596525341e-06 4.924409081560117513e-06 1.495134070812686200e-06 8.271868575764911237e-11 1.470807353554849208e-09 5.185190814596525341e-06
1.900000000000000000e+03 1.178179284639422617e-05 1.853312277309785219e-06 4.119253331996038480e-09 1.738848907933368516e-07 1.854713466187664448e-05 7.479668715873109549e-06 1.581848357438517231e-06 4.119253331996038480e-09 1.738848907933368516e-07 1.854713466187664448e-05
2.000000000000000000e+03 8.125074238017413592e-06 1.596533514074606349e-06 6.530162203911066580e-11 1.477475279058700945e-09 5.026315877516615081e-06 4.833965161899163533e-06 1.375903513608834117e-06 6.530162203911066580e-11 1.477475279058700945e-09 5.026315877516615081e-06
2.100000000000000000e+03 6.753391268474920877e-06 1.268856931621893687e-06 8.313062292518765844e-11 1.567541581980762098e-09 4.374471440620235592e-06 3.816460213378035246e-06 1.106477462399030548e-06 8.313062292518765844e-11 1.567541581980762098e-09 4.374471440620235592e-06
2.200000000000000000e+03 5.835649360893657017e-06 1.074127794529974157e-06 7.503949049254430454e-11 1.519597637428232442e-09 3.865166948380599671e-06 3.127586052555385251e-06 9.467343899865984542e-07 7.503949049254430454e-11 1.519597637428232442e-09 3.865166948380599671e-06
2.300000000000000000e+03 5.137030132705838211e-06 9.465718025158905620e-07 6.405702304991655347e-11 1.509981360627198791e-09 3.441555343567073426e-06 2.617241034207281768e-06 8.422311959015111804e-07 6.405702304991655347e-11 1.509981360627198791e-09 3.441555343567073426e-06
2.400000000000000000e+03 4.563465508711829804e-06 8.573003572517690607e-07 5.438163808128336753e-11 1.518152055900598401e-09 3.082851470836533219e-06 2.210420673653841642e-06 7.684520054188918817e-07 5.438163808128336753e-11 1.518152055900598401e-09 3.082851470836533219e-06
2.500000000000000000e+03 4.072514772804556980e-06 7.910866720683811515e-07 4.638202018098457379e-11 1.535616792237463470e-09 2.775324231550850349e-06 1.872413359922962176e-06 7.129776332894707162e-07 4.638202018098457379e-11 1.535616792237463470e-09 2.775324231550850349e-06
2.600000000000000000e+03 3.642792640096221743e-06 7.394467277100204508e-07 3.981714366851780338e-11 1.557351651557257782e-09 2.508964734665408551e-06 1.586467139751072468e-06 6.690069351946659910e-07 3.981714366851780338e-11 1.557351651557257782e-09 2.508964734665408551e-06
2.700000000000000000e+03 3.262113484969546381e-06 6.973340286114234917e-07 3.440773372054806565e-11 1.579708472057034531e-09 2.276260752229033531e-06 1.343425279270395820e-06 6.324661386072772718e-07 3.440773372054806565e-11 1.579708472057034531e-09 2.276260752229033531e-06
2.800000000000000000e+03 2.922547852405385222e-06 6.615297048481033917e-07 2.992892727641355698e-11 1.599929922598798340e-09 2.071493707482824162e-06 1.137212455921885105e-06 6.007083628922086796e-07 2.992892727641355698e-11 1.599929922598798340e-09 2.071493707482824162e-06
2.900000000000000000e+03 2.618314130784119361e-06 6.298484869845461049e-07 2.621075333698149496e-11 1.615993219317114007e-09 1.890238381738958869e-06 9.630077735852369407e-07 5.719068893608926625e-07 2.621075333698149496e-11 1.615993219317114007e-09 1.890238381738958869e-06
3.000000000000000000e+03 2.345022324485296599e-06 6.007419786052746496e-07 2.326135315825655482e-11 1.635116835303330749e-09 1.728860313785877388e-06 8.167541856710323042e-07 5.447540887526342590e-07 2.326135315825655482e-11 1.635116835303330749e-09 1.728860313785877388e-06
3.100000000000000000e+03 3.231813826475687021e-06 1.490782382756471597e-06 8.765455437480058368e-10 3.242964157617648181e-08 2.773243881584520304e-06 1.362408710539823323e-06 1.318450746081043911e-06 8.765455437480058368e-10 3.242964157617648181e-08 2.773243881584520304e-06
3.200000000000000000e+03 2.246591712703154890e-06 6.318496462250235367e-07 3.213748534272097455e-11 1.629769153200011051e-09 1.386960111507541989e-06 7.624826624095090937e-07 5.345742020754508870e-07 3.213748534272097455e-11 1.629769153200011051e-09 1.386960111507541989e-06
3.300000000000000000e+03 1.827382976684465664e-06 5.316330334844579470e-07 2.350874040425532210e-11 1.602523953243588162e-09 1.266615420611972733e-06 5.006968226701492171e-07 4.570258795419926562e-07 2.350874040425532210e-11 1.602523953243588162e-09 1.266615420611972733e-06
3.400000000000000000e+03 1.578556129795469825e-06 4.903983490902915321e-07 1.817209135799701812e-11 1.561444314807681156e-09 1.170824125085512879e-06 3.970280776254984296e-07 4.309902209789751377e-07 1.817209135799701812e-11 1.561444314807681156e-09 1.170824125085512879e-06
3.500000000000000000e+03 1.393726413173560742e-06 4.610626300764437029e-07 1.511165174561618058e-11 1.521735501616693459e-09 1.083835160210720583e-06 3.415994657550185999e-07 4.104530883477185700e-07 1.511165174561618058e-11 1.521735501616693459e-09 1.083835160210720583e-06
3.600000000000000000e+03 1.241751069619837084e-06 4.342887254358151673e-07 1.331623532519460185e-11 1.483900265850102879e-09 1.003389949303781022e-06 3.049618199294815791e-07 3.884941055634943541e-07 1.331623532519460185e-11 1.483900265850102879e-09 1.003389949303781022e-06
3.700000000000000000e+03 1.111512391163273035e-06 4.081335782308066295e-07 1.222264115940725891e-11 1.446575517352884192e-09 9.292608403337349788e-07 2.787123589206431969e-07 3.648689189488007828e-07 1.222264115940725891e-11 1.446575517352884192e-09 9.292608403337349788e-07
3.800000000000000000e+03 9.983258880180686218e-07 3.824765619993201405e-07 1.152188898900216132e-11 1.408746732483423913e-09 8.613389186928050308e-07 2.601203073121302426e-07 3.405190175587439226e-07 1.152188898900216132e-11 1.408746732483423913e-09 8.613389186928050308e-07
3.900000000000000000e+03 8.997536047146467706e-07 3.576531257919204143e-07 1.103852294062940256e-11 1.370163646424642370e-09 7.993917067777605890e-07 2.477932429598974721e-07 3.164062753325326937e-07 1.103852294062940256e-11 1.370163646424642370e-09 7.993917067777605890e-07
4.000000000000000000e+03 8.141567557328078152e-07 3.340488213490327520e-07 1.066924530358993893e-11 1.331143288820291958e-09 7.430848325482193764e-07 2.405528060768670036e-07 2.932658903307469355e-07 1.066924530358993893e-11 1.331143288820291958e-09 7.430848325482193764e-07
4.100000000000000000e+03 7.401518070401941591e-07 3.119736779614681617e-07 1.035167816603234629e-11 1.292284870786765798e-09 6.920351164501810839e-07 2.372206448194071094e-07 2.715890114383017756e-07 1.035167816603234629e-11 1.292284870786765798e-09 6.920351164501810839e-07
4.200000000000000000e+03 6.764020471891730654e-07 2.916309525380892575e-07 1.004794403950900320e-11 1.254255533919517486e-09 6.458461380698816965e-07 2.366292428353704933e-07 2.516618609786697972e-07 1.004794403950900320e-11 1.254255533919517486e-09 6.458461380698816965e-07
4.300000000000000000e+03 6.192237111084450949e-05 2.334966471331712367e-05 1.702545644066783237e-06 5.491142188253058179e-05 1.942804845638185793e-03 6.275145015220476015e-05 1.791917342598400151e-05 1.702545644066783237e-06 5.491142188253058179e-05 1.942804845638185793e-03
4.400000000000000000e+03 1.001017641152043862e-06 5.133571746240544933e-07 9.302453830394468701e-11 1.076141666247210356e-09 7.897944496896718269e-07 5.567772756367511434e-07 4.390193397593476805e-07 9.302453830394468701e-11 1.076141666247210356e-09 7.897944496896718269e-07
4.500000000000000000e+03 6.597547628356735250e-07 2.983210502848406475e-07 2.310215971057107340e-11 1.457121848255072631e-09 4.474278389385968078e-07 2.881699371115878578e-07 2.472841271968474560e-07 2.310215971057107340e-11 1.457121848255072631e-09 4.474278389385968078e-07
4.600000000000000000e+03 5.802062114450729843e-07 2.533100808791385752e-07 1.622051059946082108e-11 1.379521635083973673e-09 4.274662558250092134e-07 2.699024360127059148e-07 2.146083599333324925e-07 1.622051059946082108e-11 1.379521635083973673e-09 4.274662558250092134e-07
4.700000000000000000e+03 5.336486768851848255e-07 2.301088676630443746e-07 1.317145378134309533e-11 1.331829420023156965e-09 4.092308737640640677e-07 2.608419225040665894e-07 1.954306457576130364e-07 1.317145378134309533e-11 1.331829420023156965e-09 4.092308737640640677e-07
4.800000000000000000e+03 4.951316505385389592e-07 2.134435935538594070e-07 1.141605564112273688e-11 1.293908928150819462e-09 3.902471388545074684e-07 2.497229024708555906e-07 1.799646536813364902e-07 1.141605564112273688e-11 1.293908928150819462e-09 3.902471388545074684e-07
4.900000000000000000e+03 4.606523481864710538e-07 2.001492529159633126e-07 1.018934133768056675e-11 1.259313614396822939e-09 3.719009826970917079e-07 2.385398716398288087e-07 1.670709791055251422e-07 1.018934133768056675e-11 1.259313614396822939e-09 3.719009826970917079e-07
5.000000000000000000e+03 4.297995428730684407e-07 1.890968288772165169e-07 1.408541534459516282e-11 1.447066748226180294e-09 3.540431428124869482e-07 2.289043512321971937e-07 1.560634369480730517e-07 1.408541534459516282e-11 1.447066748226180294e-09 3.540431428124869482e-07
5.100000000000000000e+03 7.727810765685087157e-07 3.635524265701219506e-07 1.553982791176427707e-08 3.894077716097009776e-08 9.889298301098605643e-07 4.774339735390832867e-07 3.349540043583661776e-07 1.553982791176427707e-08 3.894077716097009776e-08 9.889298301098605643e-07
5.200000000000000000e+03 4.907469626924049798e-07 2.847346116831666746e-07 2.063006350117918660e-11 1.194471608695216312e-09 6.202148063573243789e-07 1.936221008203242551e-07 2.560008888369993734e-07 2.063006350117918660e-11 1.194471608695216312e-09 6.202148063573243789e-07
5.300000000000000000e+03 4.184873081812507697e-07 2.588484182285376389e-07 1.511743371005697523e-11 1.165733999862207115e-09 5.514270417775429680e-07 1.665468154861631955e-07 2.303323174755228003e-07 1.511743371005697523e-11 1.165733999862207115e-09 5.514270417775429680e-07
5.400000000000000000e+03 8.033335159755959518e-07 3.836906004181637773e-07 5.695832339303889307e-09 4.176764320516734495e-07 5.786639981305274781e-06 5.272653685479297996e-07 3.485213792900810701e-07 5.695832339303889307e-09 4.176764320516734495e-07 5.786639981305274781e-06
5.500000000000000000e+03 3.534530506980518473e-07 2.322663918581198002e-07 2.301348018931408575e-12 9.770769381004629763e-10 4.015228773520585693e-07 1.544872753666852916e-07 2.051593865185193068e-07 2.301348018931408575e-12 9.770769381004629763e-10 4.015228773520585693e-07
5.600000000000000000e+03 3.248880120478668719e-07 2.027106638708874493e-07 8.182879279531972277e-12 1.214734787127652586e-09 3.744561162475936320e-07 1.619349809699706548e-07 1.721528811367379960e-07 8.182879279531972277e-12 1.214734787127652586e-09 3.744561162475936320e-07
5.700000000000000000e+03 3.028527650295316052e-07 1.847625723923798410e-07 7.480991538906018515e-12 1.157110331623241005e-09 3.523910621016586001e-07 1.603161949990697034e-07 1.527872801208032171e-07 7.480991538906018515e-12 1.157110331623241005e-09 3.523910621016586001e-07
5.800000000000000000e+03 2.822719739049125707e-07 1.722405043247701809e-07 4.792562388246705888e-12 1.018908626294162869e-09 3.327542998146941184e-07 1.553304929009051029e-07 1.400473295958815761e-07 4.792562388246705888e-12 1.018908626294162869e-09 3.327542998146941184e-07
5.900000000000000000e+03 4.045158808848369364e-07 2.991995060991407997e-07 5.245989439767132180e-08 3.165477059743708102e-08 9.312918931690469259e-07 2.061294003226761433e-07 2.926710980096778267e-07 5.245989439767132180e-08 3.165477059743708102e-08 9.312918931690469259e-07
6.000000000000000000e+03 2.996158968697612972e-07 2.053717416499794219e-07 1.402043982061252163e-12 1.091186559251814115e-09 3.882724564431712220e-07 1.233335571704633347e-07 1.790500368368395180e-07 1.402043982061252163e-12 1.091186559251814115e-09 3.882724564431712220e-07
6.100000000000000000e+03 5.242495537788666663e-07 3.039490971173652279e-07 2.714208433951600800e-05 6.673789144042796299e-08 2.599196863644527640e-05 2.639537632458977637e-07 2.269800118023144766e-07 2.714208433951600800e-05 6.673789144042796299e-08 2.599196863644527640e-05
6.200000000000000000e+03 2.765317259177800102e-07 1.765747801957347563e-07 7.892407437168300010e-09 6.776051160167315665e-09 3.258864979699308769e-07 1.174408111295836020e-07 1.522488077738471734e-07 7.892407437168300010e-09 6.776051160167315665e-09 3.258864979699308769e-07
6.300000000000000000e+03 2.693420775610860778e-07 1.921401697860228610e-07 3.049431331370545362e-11 6.618672815019224592e-09 5.125546085492621743e-07 9.778724460944257370e-08 1.782317970875229174e-07 3.049431331370545362e-11 6.618672815019224592e-09 5.125546085492621743e-07
6.400000000000000000e+03 3.366268485460042325e-07 2.049523061621854411e-07 5.375432226933647182e-06 2.229896871496224572e-07 4.604234116119476946e-06 1.539769007121930420e-07 1.837186735192292219e-07 5.375432226933647182e-06 2.229896871496224572e-07 4.604234116119476946e-06
6.500000000000000000e+03 9.096017594417064735e-07 4.777940552316422668e-07 5.285094307200957944e-06 2.343122085254870387e-07 1.000830916886608383e-04 6.790976088512761502e-07 4.089241561051008270e-07 5.285094307200957944e-06 2.343122085254870387e-07 1.000830916886608383e-04
6.600000000000000000e+03 2.352725207106305443e-07 1.798518894767113429e-07 4.862163590571171326e-06 7.157853908933587065e-09 4.252196080656476680e-06 5.112647202613862505e-08 1.654059127913529096e-07 4.862163590571171326e-06 7.157853908933587065e-09 4.252196080656476680e-06
6.700000000000000000e+03 4.752592222334444165e-07 3.721724484147483752e-07 7.062238626199506805e-07 1.051571077115602449e-06 1.621012136365510006e-05 2.386460518662844226e-07 3.598701966617222310e-07 7.062238626199506805e-07 1.051571077115602449e-06 1.621012136365510006e-05
6.800000000000000000e+03 4.866382298384025318e-07 2.639176355927696383e-07 1.752209454789841199e-06 6.847881586378554292e-07 1.397261492932275439e-05 3.221795058194491553e-07 1.795616407299995377e-07 1.752209454789841199e-06 6.847881586378554292e-07 1.397261492932275439e-05
6.900000000000000000e+03 4.662457046884372145e-07 5.054502027835308421e-07 4.182246645670516857e-08 6.760640714793965912e-07 4.407199033903109016e-05 2.299220568854583094e-07 2.534780750708445345e-07 4.182246645670516857e-08 6.760640714793965912e-07 4.407199033903109016e-05
7.000000000000000000e+03 6.796711332478126487e-07 6.048607649256412012e-07 4.210774759746944791e-07 1.662929706442314432e-06 4.286993043465575957e-05 5.169522715396242158e-07 6.125029259171372931e-07 4.210774759746944791e-07 1.662929706442314432e-06 4.286993043465575957e-05
7.100000000000000000e+03 1.139213507439131325e-06 5.933847182366473987e-07 2.183598959661800263e-05 3.311140673323310353e-07 6.538384002940104056e-05 1.001872252644851715e-06 5.055399812168704477e-07 2.183598959661800263e-05 3.311140673323310353e-07 6.538384002940104056e-05
7.200000000000000000e+03 4.513875334860922156e-07 2.592219725553571728e-07 4.163583439807250197e-09 3.669159023302638801e-07 2.550766751956020745e-05 2.691269116226589420e-07 2.123911226064689777e-07 4.163583439807250197e-09 3.669159023302638801e-07 2.550766751956020745e-05
7.300000000000000000e+03 3.836724838219088924e-07 2.338546968215440129e-07 4.086741822605753485e-09 1.101402687995098585e-09 9.586833840916274705e-06 1.740727577752617727e-07 2.081367518733014006e-07 4.086741822605753485e-09 1.101402687995098585e-09 9.586833840916274705e-06
7.400000000000000000e+03 3.359900958642353991e-07 1.773200392116331256e-07 2.899869163928429846e-09 8.645407385245736069e-08 1.122754920374903795e-06 1.511788820822057408e-07 1.520259258751446011e-07 2.899869163928429846e-09 8.645407385245736069e-08 1.122754920374903795e-06
7.500000000000000000e+03 2.305475286606016625e-06 1.183711585325954989e-06 7.378712535191298599e-06 6.981316840673713562e-06 1.668756679029550604e-04 2.087773473692081357e-06 1.074207176400024447e-06 7.378712535191298599e-06 6.981316840673713562e-06 1.668756679029550604e-04
7.600000000000000000e+03 2.348395311279557317e-07 1.427603776370161112e-07 6.595207263696833000e-07 2.350646054317546886e-09 8.387844193710329753e-07 8.304255710168065958e-08 1.241859252920781000e-07 6.595207263696833000e-07 2.350646054317546886e-09 8.387844193710329753e-07
7.700000000000000000e+03 3.181402317204297975e-07 1.601560821041387581e-07 3.195081761783413390e-08 3.915953948641009591e-08 4.982722749588792929e-06 1.367548044470419267e-07 1.352076315851426555e-07 3.195081761783413390e-08 3.915953948641009591e-08 4.982722749588792929e-06
7.800000000000000000e+03 1.193165330130577841e-06 6.934974728709087390e-07 1.515974534087259770e-06 1.733674650653127378e-06 5.495809557358199868e-05 1.104492757741214664e-06 5.063247135644092809e-07 1.515974534087259770e-06 1.733674650653127378e-06 5.495809557358199868e-05
7.900000000000000000e+03 2.474185445065957287e-07 1.492582014722354927e-07 2.396988099267718115e-07 2.332972361137392602e-09 8.295886990383561168e-06 8.048459096394365474e-08 1.304570095642915439e-07 2.396988099267718115e-07 2.332972361137392602e-09 8.295886990383561168e-06
8.000000000000000000e+03 2.779516519371621540e-07 1.688471800394265722e-07 6.914343563808356153e-09 2.634338229685498549e-11 6.920346585447197343e-07 1.027779324156302399e-07 1.532512404724236240e-07 6.914343563808356153e-09 2.634338229685498549e-11 6.920346585447197343e-07
8.100000000000000000e+03 4.034015719042191660e-07 2.988905769547964194e-07 5.700636457554032078e-06 6.286826312821825449e-08 2.561070117495092968e-05 2.570812890576830368e-07 3.060692692517526798e-07 5.700636457554032078e-06 6.286826312821825449e-08 2.561070117495092968e-05
8.200000000000000000e+03 4.673154402079228789e-07 4.605626210518106970e-07 6.530403731609861617e-08 5.272856513280143083e-07 2.318257277507532389e-05 2.266730481915669529e-07 4.563137231925061242e-07 6.530403731609861617e-08 5.272856513280143083e-07 2.318257277507532389e-05
8.300000000000000000e+03 2.351699790647724084e-07 1.206488166994402403e-07 5.386194492264966445e-09 1.135610490615081661e-09 1.942202299689116031e-07 8.514748440709776911e-08 1.147372637709950690e-07 5.386194492264966445e-09 1.135610490615081661e-09 1.942202299689116031e-07
8.400000000000000000e+03 2.618134423399663400e-07 1.469802956263842473e-07 1.742207254466658548e-08 1.134022676272793565e-09 1.797798351635687657e-06 1.050399754039695025e-07 1.477440516787322940e-07 1.742207254466658548e-08 1.134022676272793565e-09 1.797798351635687657e-06
8.500000000000000000e+03 8.867066396121771421e-07 8.266924788221094151e-07 2.295676424410707137e-06 1.354213502908680375e-06 9.390513919965499305e-05 7.277432017824763791e-07 8.422397512474132946e-07 2.295676424410707137e-06 1.354213502908680375e-06 9.390513919965499305e-05
8.600000000000000000e+03 2.332004037830715867e-07 1.140012843643448306e-07 4.922242211487956758e-09 5.566028933445499918e-10 1.025745082270722567e-06 7.819490089550807467e-08 1.150335457089991481e-07 4.922242211487956758e-09 5.566028933445499918e-10 1.025745082270722567e-06
8.700000000000000000e+03 2.143815075682020941e-07 1.050807093376857678e-07 5.682590172066469773e-08 9.527152394104825808e-11 1.788419527786619753e-07 7.538269788393705455e-08 1.030196981721237603e-07 5.682590172066469773e-08 9.527152394104825808e-11 1.788419527786619753e-07
8.800000000000000000e+03 4.804574215628440933e-07 2.404876332090113037e-07 3.164365000024581452e-07 6.196603742329629769e-07 1.569319163104925557e-05 2.546949554831273049e-07 2.510331427546923346e-07 3.164365000024581452e-07 6.196603742329629769e-07 1.569319163104925557e-05
8.900000000000000000e+03 2.115748408423031307e-07 1.033368231409201177e-07 5.625088088930690782e-12 8.158036669311580941e-10 1.561811427868746024e-07 7.421947439767139071e-08 1.054390088456443538e-07 5.625088088930690782e-12 8.158036669311580941e-10 1.561811427868746024e-07
9.000000000000000000e+03 3.754144592721417597e-07 2.350525594499848194e-07 3.086346860292172306e-06 6.286357290616822244e-07 1.406882678764147474e-05 2.261664114024911012e-07 2.459516145038124247e-07 3.086346860292172306e-06 6.286357290616822244e-07 1.406882678764147474e-05
9.100000000000000000e+03 2.251695816881439256e-07 1.159448354624191424e-07 4.702445759293116432e-09 8.474817646096917568e-08 6.316582036440709827e-06 8.588920232738870346e-08 9.935714429308597338e-08 4.702445759293116432e-09 8.474817646096917568e-08 6.316582036440709827e-06
9.200000000000000000e+03 2.254112531846325068e-07 1.086920069671485323e-07 1.069457508094302834e-06 6.261910692939074204e-08 6.504807947912508054e-07 9.696872021317307603e-08 9.612558901607009566e-08 1.069457508094302834e-06 6.261910692939074204e-08 6.504807947912508054e-07
9.300000000000000000e+03 1.016810892210344185e-06 9.350046028054236309e-07 1.631220176818568691e-06 2.481198621706099407e-06 9.490318652775853962e-05 8.505340183823936564e-07 5.693933116074077352e-07 1.631220176818568691e-06 2.481198621706099407e-06 9.490318652775853962e-05
9.400000000000000000e+03 2.522742483441412537e-07 1.459943453008682314e-07 3.421460729820214545e-06 6.624408848933381955e-09 1.402982180373745940e-05 1.513730990292319839e-07 1.530654325923063502e-07 3.421460729820214545e-06 6.624408848933381955e-09 1.402982180373745940e-05
9.500000000000000000e+03 5.303389065769821395e-07 8.546964367105972070e-08 2.167442586599024925e-07 3.171957592351365343e-07 5.754477402157113284e-06 3.582626809125280367e-07 8.789595331312934988e-08 2.167442586599024925e-07 3.171957592351365343e-07 5.754477402157113284e-06
9.600000000000000000e+03 4.999126640511633939e-07 1.395077159058564533e-07 4.481353218868281096e-05 4.010062176717157129e-07 8.964936560310469743e-06 3.904542753775434975e-07 1.445754089355143070e-07 4.481353218868281096e-05 4.010062176717157129e-07 8.964936560310469743e-06
9.700000000000000000e+03 3.004076598868515488e-07 1.767049673106753325e-07 6.756974225202810023e-07 3.198437206569479330e-07 1.624570468835208895e-05 1.782879740892659963e-07 1.424875904150704369e-07 6.756974225202810023e-07 3.198437206569479330e-07 1.624570468835208895e-05
9.800000000000000000e+03 5.265451654866315429e-07 2.201776524227299336e-07 6.235650361795521593e-06 7.885888998993778089e-07 1.765153524132579316e-05 3.178379572825673257e-07 2.177411213037182543e-07 6.235650361795521593e-06 7.885888998993778089e-07 1.765153524132579316e-05
9.900000000000000000e+03 1.753427726212429783e-07 8.121309286522514063e-08 2.570481850657727068e-05 4.715020823567551784e-08 7.426089195256959109e-07 7.105896423884447409e-08 8.187182914703804603e-08 2.570481850657727068e-05 4.715020823567551784e-08 7.426089195256959109e-07
1.000000000000000000e+04 1.629581081571131408e-07 7.285026968544855180e-08 5.746719119053729442e-08 3.922111736317649859e-08 4.126377914764098395e-06 7.119096058589073665e-08 6.351281166136149582e-08 5.746719119053729442e-08 3.922111736317649859e-08 4.126377914764098395e-06
1.010000000000000000e+04 1.457345581405640711e-07 1.150023171020611818e-07 7.598693350979865289e-07 1.553949302486497507e-10 1.413414596441873687e-06 6.041285741760072650e-08 1.107908608794056706e-07 7.598693350979865289e-07 1.553949302486497507e-10 1.413414596441873687e-06
1.020000000000000000e+04 1.303454907776222212e-07 5.745754247198732223e-08 1.609608524831094240e-08 2.131979333453914751e-10 1.278388394590676201e-07 5.652056454508697697e-08 5.637068903202581193e-08 1.609608524831094240e-08 2.131979333453914751e-10 1.278388394590676201e-07
1.030000000000000000e+04 2.882283587158202448e-07 3.441262606834933156e-07 6.916736952118411049e-11 3.430653654550782272e-07 3.732996673968088974e-06 2.053244071083317686e-07 3.595571918351499745e-07 6.916736952118411049e-11 3.430653654550782272e-07 3.732996673968088974e-06
1.040000000000000000e+04 2.685363655503136436e-07 1.091525726197801690e-07 4.836652171891956646e-07 2.497782843677969254e-07 1.325577796098895320e-05 2.040876936789679973e-07 1.174054132869838953e-07 4.836652171891956646e-07 2.497782843677969254e-07 1.325577796098895320e-05
1.050000000000000000e+04 1.165878161398089346e-07 6.886619860916855245e-08 4.880355914859382114e-07 6.258469927414178085e-09 1.531683356255947217e-07 4.893116582736588069e-08 6.499646443383801757e-08 4.880355914859382114e-07 6.258469927414178085e-09 1.531683356255947217e-07
1.060000000000000000e+04 2.977756269035754395e-07 1.440540146132554787e-07 6.863208188678881392e-08 1.443748238120441476e-07 1.195996813192438862e-05 2.369939579764364344e-07 1.364629166539306992e-07 6.863208188678881392e-08 1.443748238120441476e-07 1.195996813192438862e-05
1.070000000000000000e+04 1.088298372705080385e-07 6.145078465770281554e-08 5.531932202819723181e-07 5.169639212149911009e-09 3.528248561317734896e-07 4.638189669975656059e-08 5.818461124874539916e-08 5.531932202819723181e-07 5.169639212149911009e-09 3.528248561317734896e-07
1.080000000000000000e+04 2.972014360241434124e-07 9.961549266091436497e-08 7.554166226410382924e-07 4.327661313081888326e-07 3.641539218329067593e-06 2.564346650184374807e-07 5.197717102660527947e-08 7.554166226410382924e-07 4.327661313081888326e-07 3.641539218329067593e-06
1.090000000000000000e+04 1.058339716835187762e-07 5.630893769274409061e-08 3.791109222651285990e-08 3.494786978448306234e-09 1.124855099474400984e-07 5.011792398435887632e-08 5.458430393365258280e-08 3.791109222651285990e-08 3.494786978448306234e-09 1.124855099474400984e-07
1.100000000000000000e+04 2.060682271459688374e-03 3.047799680873589174e-05 7.580552524422562184e-04 3.964858588255813776e-03 4.018668957864432456e-02 1.375941704498438852e-03 3.075941025325534616e-05 7.580552524422562184e-04 3.964858588255813776e-03 4.018668957864432456e-02
1.110000000000000000e+04 8.747731337208009201e-05 1.068408664480341701e-04 3.155372104868557669e-07 2.569811599930213049e-06 2.146415824259738196e-03 8.863237191675447479e-05 1.099901424480499875e-04 3.155372104868557669e-07 2.569811599930213049e-06 2.146415824259738196e-03
1.120000000000000000e+04 7.305953486206443501e-05 7.192580514299295330e-05 3.370112372509608767e-10 6.485122507561588860e-09 1.096805996651815072e-03 7.461663725824007882e-05 7.472454315040109136e-05 3.370112372509608767e-10 6.485122507561588860e-09 1.096805996651815072e-03
1.130000000000000000e+04 5.081068204516483555e-05 4.945239335376832679e-05 6.218185382737464028e-11 1.283554798341953464e-07 4.665016979249546163e-04 5.218401191175341732e-05 5.074405040690658185e-05 6.218185382737464028e-11 1.283554798341953464e-07 4.665016979249546163e-04
1.140000000000000000e+04 3.569004486605205481e-05 3.676364518876890672e-05 6.107141164639470212e-11 4.842769286321018106e-08 2.061992698077413162e-04 3.642550052599864311e-05 3.651936436078935002e-05 6.107141164639470212e-11 4.842769286321018106e-08 2.061992698077413162e-04
1.150000000000000000e+04 2.568639158557598802e-05 2.850074237288249197e-05 1.013817671376722402e-10 1.687863609072681889e-08 1.139711006268001429e-04 2.594916084081487441e-05 2.773776142448499204e-05 1.013817671376722402e-10 1.687863609072681889e-08 1.139711006268001429e-04
1.160000000000000000e+04 2.011520636014779741e-05 2.287001764032487613e-05 7.940968135387040285e-11 1.822071192125735787e-08 5.867399205460352402e-05 2.006318547665953783e-05 2.158446878661116544e-05 7.940968135387040285e-11 1.822071192125735787e-08 5.867399205460352402e-05
1.170000000000000000e+04 1.678023170938243327e-05 1.476326985247078861e-05 2.198158675357258664e-09 1.307146654094214139e-07 6.611631941104465328e-05 1.606761007007869065e-05 1.464420570777860112e-05 2.198158675357258664e-09 1.307146654094214139e-07 6.611631941104465328e-05
1.180000000000000000e+04 1.536580042777286958e-05 1.305133004663249795e-05 4.713790362813825113e-10 1.017833335119653803e-08 3.373612956408528066e-05 1.518769989319577622e-05 1.214204453595320963e-05 4.713790362813825113e-10 1.017833335119653803e-08 3.373612956408528066e-05
1.190000000000000000e+04 1.318285712229504838e-05 9.966997600314817803e-06 4.329885681188512971e-10 6.923675140838271949e-09 2.564814608237708996e-05 1.301597002459783848e-05 9.249433391071218966e-06 4.329885681188512971e-10 6.923675140838271949e-09 2.564814608237708996e-05
1.200000000000000000e+04 1.150748460672474574e-05 7.735284080569231692e-06 4.173542104548558645e-10 5.043673845732247453e-09 2.038256567860909007e-05 1.136761194748489803e-05 7.153564288361220216e-06 4.173542104548558645e-10 5.043673845732247453e-09 2.038256567860909007e-05
1.210000000000000000e+04 1.601982796678789431e-05 6.197422762084216605e-06 6.795456833422938066e-09 2.117666152526002484e-06 7.748287503231574491e-05 1.553826612105745444e-05 5.973551320206285016e-06 6.795456833422938066e-09 2.117666152526002484e-06 7.748287503231574491e-05
1.220000000000000000e+04 1.112455258762382392e-05 5.501725221679033380e-06 6.328834019000370088e-10 1.023667390473736881e-09 1.573458732951733911e-05 1.094421141107574440e-05 4.949740513636544537e-06 6.328834019000370088e-10 1.023667390473736881e-09 1.573458732951733911e-05
1.230000000000000000e+04 8.617416039811107864e-06 4.654048122889696837e-06 4.206366152885996695e-10 1.702814780903520728e-09 1.197067171148996874e-05 8.497889597182488851e-06 4.199864000173826487e-06 4.206366152885996695e-10 1.702814780903520728e-09 1.197067171148996874e-05
1.240000000000000000e+04 7.043110677717167591e-06 3.992931349910157685e-06 3.268575871772939949e-10 1.230224220751425239e-09 9.499781740561911831e-06 6.964121662760386526e-06 3.582442063025729058e-06 3.268575871772939949e-10 1.230224220751425239e-09 9.499781740561911831e-06
1.250000000000000000e+04 5.859873929081273850e-06 3.428540412320772575e-06 2.687827766345254153e-10 9.352420641648163790e-10 7.718698032853467809e-06 5.810345533296581791e-06 3.042942917732063739e-06 2.687827766345254153e-10 9.352420641648163790e-10 7.718698032853467809e-06
1.260000000000000000e+04 4.896061794894607948e-06 2.941058237415736168e-06 2.253376674880247722e-10 7.463573547725009296e-10 6.362830522762244798e-06 4.868939081035897974e-06 2.575046162688383114e-06 2.253376674880247722e-10 7.463573547725009296e-10 6.362830522762244798e-06
1.270000000000000000e+04 1.840231924167779216e-05 7.200222435043338727e-06 9.740287892349026662e-08 7.619336989230781699e-05 1.439181013733964150e-03 1.863746056068119739e-05 6.491224338929696355e-06 9.740287892349026662e-08 7.619336989230781699e-05 1.439181013733964150e-03
1.280000000000000000e+04 6.882116600626602584e-06 2.988576211907050166e-06 1.808074037628869789e-11 2.002475003566654276e-09 7.563273158919925541e-06 6.768109119960892162e-06 2.589224690654095478e-06 1.808074037628869789e-11 2.002475003566654276e-09 7.563273158919925541e-06
1.290000000000000000e+04 3.925993609261595307e-06 2.414125570347924821e-06 2.035879665217478875e-10 1.135020381910453719e-10 5.082832693211794416e-06 3.876775357157430558e-06 2.034815408949435814e-06 2.035879665217478875e-10 1.135020381910453719e-10 5.082832693211794416e-06
1.300000000000000000e+04 2.713931848927661044e-06 1.970063418338970791e-06 1.231707441335228638e-10 4.941544002198456733e-11 3.689812818151757317e-06 2.694666725967950401e-06 1.586692237858295618e-06 1.231707441335228638e-10 4.941544002198456733e-11 3.689812818151757317e-06
1.310000000000000000e+04 2.016475249319164541e-06 1.601002498256340292e-06 8.811775349547698997e-11 3.572196214902395658e-11 2.796895837679876816e-06 2.013619633776344706e-06 1.233932644222471081e-06 8.811775349547698997e-11 3.572196214902395658e-11 2.796895837679876816e-06
1.320000000000000000e+04 1.539483641449496553e-06 1.298782487187978061e-06 6.479332351777143184e-11 3.898106717270520429e-11 2.169887024415224565e-06 1.546404173133829856e-06 9.613361019970352780e-07 6.479332351777143184e-11 3.898106717270520429e-11 2.169887024415224565e-06
1.330000000000000000e+04 1.189160335890337281e-06 1.058087119707026711e-06 4.781949222375049472e-11 5.166803945044518969e-11 1.706511995898178580e-06 1.201749820402914257e-06 7.549838567538255076e-07 4.781949222375049472e-11 5.166803945044518969e-11 1.706511995898178580e-06
1.340000000000000000e+04 9.262965240657084948e-07 8.697456059577976008e-07 3.507042116853791298e-11 7.219080164869573071e-11 1.353924376559125160e-06 9.417271913948078576e-07 6.010898613215389112e-07 3.507042116853791298e-11 7.219080164869573071e-11 1.353924376559125160e-06
1.350000000000000000e+04 7.285791728634064554e-07 7.239999608906391944e-07 2.543615024929774361e-11 1.001540389999835823e-10 1.081256556298840936e-06 7.448867744967049302e-07 4.877622047268062778e-07 2.543615024929774361e-11 1.001540389999835823e-10 1.081256556298840936e-06
1.360000000000000000e+04 5.802546299155692759e-07 6.120871306325282478e-07 1.819189275652156578e-11 1.352850109288747469e-10 8.687020705759875208e-07 5.961251018192246390e-07 4.052939233848021326e-07 1.819189275652156578e-11 1.352850109288747469e-10 8.687020705759875208e-07
1.370000000000000000e+04 1.133963353623672742e-05 1.558373274096759554e-05 4.384766894725583150e-06 4.183813096635865663e-05 1.171060064575122728e-04 9.998430397420506014e-06 1.582353434875550412e-05 4.384766894725583150e-06 4.183813096635865663e-05 1.171060064575122728e-04
1.380000000000000000e+04 1.066345761306881034e-06 8.454441702660264909e-07 1.924932837029451551e-10 1.418696032372472457e-09 1.783044049910003634e-06 9.927445231507107493e-07 6.398923500356661181e-07 1.924932837029451551e-10 1.418696032372472457e-09 1.783044049910003634e-06
1.390000000000000000e+04 5.582254372408005162e-07 6.890660501017865533e-07 2.552383354819188974e-12 6.830575356324312768e-15 1.049390644016375908e-06 5.161347639072398602e-07 4.900662043524129161e-07 2.552383354819188974e-12 6.830575356324312768e-15 1.049390644016375908e-06
1.400000000000000000e+04 3.763312748316885729e-07 5.867019249896436731e-07 6.252114804791672958e-13 1.091219988083205208e-12 7.137531270486197537e-07 3.507341417552877956e-07 4.171147361277760666e-07 6.252114804791672958e-13 1.091219988083205208e-12 7.137531270486197537e-07
1.410000000000000000e+04 2.859947927062893183e-07 5.195102539466398818e-07 7.043760762556567162e-14 1.145106665928088578e-11 5.315954863645357225e-07 2.689703128720709493e-07 3.797512850043548595e-07 7.043760762556567162e-14 1.145106665928088578e-11 5.315954863645357225e-07
1.420000000000000000e+04 2.344298458518223452e-07 4.714651861046137371e-07 1.389509897941231714e-13 3.536416592626255027e-11 4.221742249088259042e-07 2.218213877174181516e-07 3.561033721707158595e-07 1.389509897941231714e-13 3.536416592626255027e-11 4.221742249088259042e-07
1.430000000000000000e+04 3.567432884620774561e-07 4.585722873463977176e-07 1.671005510036020880e-08 6.669438560150476431e-09 4.235035525694406308e-07 1.871389518890334730e-07 3.469570785521599925e-07 1.671005510036020880e-08 6.669438560150476431e-09 4.235035525694406308e-07
1.440000000000000000e+04 2.664367460490352640e-07 4.211161004344910453e-07 8.466761009056466034e-13 9.245081191432782301e-11 3.267953199957711402e-07 1.545993947932972234e-07 3.244727456979639874e-07 8.466761009056466034e-13 9.245081191432782301e-11 3.267953199957711402e-07
1.450000000000000000e+04 2.172991504587171585e-07 3.910564784003908245e-07 1.764843160197439558e-12 1.583994879776821295e-10 2.854111344449477276e-07 1.382309155577883993e-07 3.050970143636091884e-07 1.764843160197439558e-12 1.583994879776821295e-10 2.854111344449477276e-07
1.460000000000000000e+04 1.862494071301031586e-07 3.638192521057798281e-07 1.645209984024601875e-12 2.048773434328040757e-10 2.560576697787907777e-07 1.271524499124692999e-07 2.858858117461772892e-07 1.645209984024601875e-12 2.048773434328040757e-10 2.560576697787907777e-07
1.470000000000000000e+04 1.649417955463510407e-07 3.391980052145438992e-07 1.625437204274140966e-12 2.525773204707704319e-10 2.338441005759370397e-07 1.188126208578687001e-07 2.673846642310931209e-07 1.625437204274140966e-12 2.525773204707704319e-10 2.338441005759370397e-07
1.480000000000000000e+04 9.097406776998115188e-06 4.753672863245088386e-06 1.097542457743128174e-05 6.524351840533226419e-05 1.706151652812546576e-04 8.516962607791407798e-06 4.677556540106259661e-06 1.097542457743128174e-05 6.524351840533226419e-05 1.706151652812546576e-04
1.490000000000000000e+04 8.485917979315165537e-07 3.945750007614861644e-07 2.382690383280458435e-12 3.601901007891459742e-10 5.169630837210382836e-07 2.573942692175185157e-07 2.842542141079518155e-07 2.382690383280458435e-12 3.601901007891459742e-10 5.169630837210382836e-07
1.500000000000000000e+04 4.638842795046751534e-07 3.792598295524870182e-07 1.068263926449754766e-11 8.124283711598368361e-11 3.609215098431071611e-07 1.704291581307009303e-07 2.820912715225261134e-07 1.068263926449754766e-11 8.124283711598368361e-11 3.609215098431071611e-07
1.510000000000000000e+04 3.083284826654872189e-07 3.552380660695967489e-07 8.210171159673029283e-12 1.114543506732656724e-10 2.921934531868255607e-07 1.380634692523833308e-07 2.698117048759343922e-07 8.210171159673029283e-12 1.114543506732656724e-10 2.921934531868255607e-07
1.520000000000000000e+04 2.331415941927401175e-07 3.308938907565790362e-07 6.258462091297006969e-12 1.544643563082267117e-10 2.519492347519840486e-07 1.239958448991985936e-07 2.541442564435343550e-07 6.258462091297006969e-12 1.544643563082267117e-10 2.519492347519840486e-07
1.520000000000000000e+04 2.331415941927401175e-07 3.308938907565790362e-07 6.258462091297006969e-12 1.544643563082267117e-10 2.519492347519840486e-07 1.239958448991985936e-07 2.541442564435343550e-07 6.258462091297006969e-12 1.544643563082267117e-10 2.519492347519840486e-07
4.020000000000000000e+04 1.954991823627188567e-10 2.979262878510491234e-09 5.955632857854113332e-15 3.874390063644432523e-14 2.433668824288094834e-09 2.006934208090316920e-10 2.937897097372107024e-09 5.955632857854113332e-15 3.874390063644432523e-14 2.433668824288094834e-09
