# step, loss_train, loss_test, metrics_test
0.000000000000000000e+00 2.301210510482559757e-02 6.396451946882561468e-02 1.382411701649637059e-02 9.800999999999999712e-01 1.000000000000000048e-04 0.000000000000000000e+00 1.024364496764279320e+00 2.591529226028951860e-01 1.945161283790657891e-01 2.294987636521989005e-02 6.202477748600952051e-02 1.228532841002632527e-02 9.800999999999999712e-01 1.000000000000000048e-04 0.000000000000000000e+00 1.024364496764279320e+00 2.591529226028951860e-01 1.945161283790657891e-01
5.000000000000000000e+02 3.239096466421305560e-03 5.508951797918135070e-05 2.645480873205619324e-03 2.686739475534839533e-04 3.483821832074073454e-06 2.089657602606272147e-04 7.829239008992562587e-02 8.499235976716455060e-03 9.209982003310705767e-02 2.194307948323160826e-03 3.926150797972756607e-05 1.602060691580034979e-03 2.686739475534839533e-04 3.483821832074073454e-06 2.089657602606272147e-04 7.829239008992562587e-02 8.499235976716455060e-03 9.209982003310705767e-02
1.000000000000000000e+03 3.419657987555687825e-03 4.891676033161473670e-05 2.743984968092294356e-03 2.617148584979705431e-04 3.534831716173056328e-06 2.055414819593266718e-04 7.801692484334214750e-02 8.496734757996424886e-03 9.197176603425186170e-02 2.119892125908739121e-03 3.262150926978671297e-05 1.557307063356828426e-03 2.617148584979705431e-04 3.534831716173056328e-06 2.055414819593266718e-04 7.801692484334214750e-02 8.496734757996424886e-03 9.197176603425186170e-02
1.500000000000000000e+03 3.450251974230069980e-03 4.793984265500730472e-05 2.761298556363335748e-03 2.604284237568430861e-04 3.518907809319975320e-06 2.048393436631389434e-04 7.796419606716442630e-02 8.494607704185924354e-03 9.194760999646234279e-02 2.069341632199080561e-03 2.958738681962091367e-05 1.541606897109260412e-03 2.604284237568430861e-04 3.518907809319975320e-06 2.048393436631389434e-04 7.796419606716442630e-02 8.494607704185924354e-03 9.194760999646234279e-02
2.000000000000000000e+03 3.454679260706281646e-03 4.762437886017974978e-05 2.763234021270690767e-03 2.596461854656720498e-04 3.512001997504883670e-06 2.043477981708417715e-04 7.794397097585833989e-02 8.493684892443110340e-03 9.193781738979178719e-02 2.043010683274480450e-03 2.837997384336486987e-05 1.537847139362992673e-03 2.596461854656720498e-04 3.512001997504883670e-06 2.043477981708417715e-04 7.794397097585833989e-02 8.493684892443110340e-03 9.193781738979178719e-02
2.500000000000000000e+03 3.448565054625709995e-03 4.722200549889250229e-05 2.761904816897419422e-03 2.586468305255499884e-04 3.503649976596480418e-06 2.036231207823920887e-04 7.793064765919581471e-02 8.493225250641028845e-03 9.192709146849108170e-02 2.038334024755400573e-03 2.794433099934409586e-05 1.539830349739786022e-03 2.586468305255499884e-04 3.503649976596480418e-06 2.036231207823920887e-04 7.793064765919581471e-02 8.493225250641028845e-03 9.192709146849108170e-02
3.000000000000000000e+03 3.439520731010128462e-03 4.648084495723121975e-05 2.743249463106824711e-03 2.569535003058009970e-04 3.464414445610055590e-06 2.022108618693681682e-04 7.790701019525529680e-02 8.493367642494083908e-03 9.191246831539198747e-02 2.046324236240278181e-03 2.886035631445995031e-05 1.566892753013696604e-03 2.569535003058009970e-04 3.464414445610055590e-06 2.022108618693681682e-04 7.790701019525529680e-02 8.493367642494083908e-03 9.191246831539198747e-02
3.500000000000000000e+03 3.423297743522904328e-03 4.314890490607469490e-05 2.694942136428482311e-03 2.525712265511896918e-04 3.365614731980927874e-06 1.995124421361163167e-04 7.783848130866473369e-02 8.514236232657967224e-03 9.187637005391162404e-02 2.064360464646022072e-03 2.860486670333724484e-05 1.598772423269005606e-03 2.525712265511896918e-04 3.365614731980927874e-06 1.995124421361163167e-04 7.783848130866473369e-02 8.514236232657967224e-03 9.187637005391162404e-02
4.000000000000000000e+03 3.405680604672775731e-03 5.121145439488997538e-05 2.691579632046170543e-03 2.440402611801669320e-04 3.022212741155695666e-06 1.904361384164273178e-04 7.766343135979734968e-02 8.486678317263339835e-03 9.169708194113600219e-02 1.742190115606630403e-03 1.652606984011653640e-05 1.347626127694162524e-03 2.440402611801669320e-04 3.022212741155695666e-06 1.904361384164273178e-04 7.766343135979734968e-02 8.486678317263339835e-03 9.169708194113600219e-02
4.500000000000000000e+03 3.408608260730555672e-03 5.509560065080949272e-05 2.707738089037122625e-03 2.361770491252803805e-04 2.964486799383624848e-06 1.839920436463463938e-04 7.752895068507034693e-02 8.485902400613391447e-03 9.158581663211273760e-02 1.497765428722031911e-03 1.998537416655631578e-05 1.187817648153750155e-03 2.361770491252803805e-04 2.964486799383624848e-06 1.839920436463463938e-04 7.752895068507034693e-02 8.485902400613391447e-03 9.158581663211273760e-02
5.000000000000000000e+03 3.617643168056475667e-03 4.834877546801265113e-05 2.579688974169281820e-03 2.131027634610058478e-04 4.538621040173729984e-06 1.982635566635532881e-04 7.765629468459493701e-02 8.583884702382409138e-03 9.181846711660315852e-02 1.563719640007439496e-03 2.391644842721323531e-05 1.150699164213219447e-03 2.131027634610058478e-04 4.538621040173729984e-06 1.982635566635532881e-04 7.765629468459493701e-02 8.583884702382409138e-03 9.181846711660315852e-02
5.500000000000000000e+03 3.428509690359955991e-03 5.039714310610159326e-05 2.712579856033734901e-03 2.344877467551616604e-04 3.160685760408521118e-06 1.830722202438833505e-04 7.750037396893737218e-02 8.487000448941017794e-03 9.157634024424785024e-02 1.517853885494833922e-03 2.236906975731664816e-05 1.226441325853123553e-03 2.344877467551616604e-04 3.160685760408521118e-06 1.830722202438833505e-04 7.750037396893737218e-02 8.487000448941017794e-03 9.157634024424785024e-02
6.000000000000000000e+03 3.545360057386333971e-03 4.872681134279123781e-05 2.643193787212518540e-03 2.230078568366204283e-04 3.462115208208901581e-06 1.891096770676672532e-04 7.752483055531768363e-02 8.501000193580066783e-03 9.167545017690069409e-02 1.553898763627160375e-03 2.279572694554551541e-05 1.194546822689659992e-03 2.230078568366204283e-04 3.462115208208901581e-06 1.891096770676672532e-04 7.752483055531768363e-02 8.501000193580066783e-03 9.167545017690069409e-02
6.500000000000000000e+03 3.475413759890562046e-03 5.400854516542011980e-05 2.696405931200111621e-03 2.306200638330299375e-04 2.974934234338146542e-06 1.852353234471399595e-04 7.747332346692817340e-02 8.483593703129002281e-03 9.159709693835031696e-02 1.534684051332031642e-03 2.477657049743015139e-05 1.233329005083948909e-03 2.306200638330299375e-04 2.974934234338146542e-06 1.852353234471399595e-04 7.747332346692817340e-02 8.483593703129002281e-03 9.159709693835031696e-02
7.000000000000000000e+03 3.443591950130042972e-03 4.520636269910538956e-05 2.757009208918150510e-03 2.319711734252409162e-04 3.418324303150093515e-06 1.780380699527098491e-04 7.748662048285726023e-02 8.502231453218265719e-03 9.155602714164796929e-02 1.521816445163205831e-03 1.960317536448235708e-05 1.246358400715738730e-03 2.319711734252409162e-04 3.418324303150093515e-06 1.780380699527098491e-04 7.748662048285726023e-02 8.502231453218265719e-03 9.155602714164796929e-02
7.500000000000000000e+03 3.424217773371898872e-03 4.899991984821835652e-05 2.712101068961128222e-03 2.347175788371294418e-04 3.341175887647235842e-06 1.833551136284871893e-04 7.750050939350054680e-02 8.486459624426463677e-03 9.157355700346922478e-02 1.521195147044689718e-03 2.187949613009240076e-05 1.236146677754116968e-03 2.347175788371294418e-04 3.341175887647235842e-06 1.833551136284871893e-04 7.750050939350054680e-02 8.486459624426463677e-03 9.157355700346922478e-02
8.000000000000000000e+03 3.421458173333783142e-03 4.879228071965961125e-05 2.714929518529807673e-03 2.349310012756388464e-04 3.363451132537277064e-06 1.829943484916701356e-04 7.750230653644431256e-02 8.486441660518919891e-03 9.157049388626194164e-02 1.524032509388163628e-03 2.184599646000122820e-05 1.241739753124359051e-03 2.349310012756388464e-04 3.363451132537277064e-06 1.829943484916701356e-04 7.750230653644431256e-02 8.486441660518919891e-03 9.157049388626194164e-02
8.500000000000000000e+03 3.362375823569171539e-03 3.814740243060441705e-05 2.652146726174130567e-03 2.461694073574693378e-04 4.134031828216018370e-06 1.906576116408992250e-04 7.758860566048643437e-02 8.564361627896442675e-03 9.165107456604004721e-02 1.500221870053278488e-03 1.691561893556129407e-05 1.210825363228512381e-03 2.461694073574693378e-04 4.134031828216018370e-06 1.906576116408992250e-04 7.758860566048643437e-02 8.564361627896442675e-03 9.165107456604004721e-02
9.000000000000000000e+03 3.423529093380526644e-03 4.848603385967613361e-05 2.711079571587683788e-03 2.344621738875838355e-04 3.389417335897065906e-06 1.832891848793396475e-04 7.749832632478850791e-02 8.487355478933015021e-03 9.157217039917320278e-02 1.532941787052748183e-03 2.210459117097122241e-05 1.254368105516849878e-03 2.344621738875838355e-04 3.389417335897065906e-06 1.832891848793396475e-04 7.749832632478850791e-02 8.487355478933015021e-03 9.157217039917320278e-02
9.500000000000000000e+03 3.422586431242337444e-03 4.849307319091883200e-05 2.712027399835252248e-03 2.343953303887826381e-04 3.379552897927223599e-06 1.830637280051782142e-04 7.749837726030496532e-02 8.487392126812435406e-03 9.157069740622007792e-02 1.538512623857970184e-03 2.208966595958301648e-05 1.262729334884036929e-03 2.343953303887826381e-04 3.379552897927223599e-06 1.830637280051782142e-04 7.749837726030496532e-02 8.487392126812435406e-03 9.157069740622007792e-02
1.000000000000000000e+04 3.377869881944691680e-03 4.894371824870823265e-05 2.633027448955241497e-03 2.554185520687707301e-04 3.348304897381995833e-06 1.957976682948863042e-04 7.753818613047235020e-02 8.484593684272522668e-03 9.169406334888888233e-02 1.537155169980783690e-03 2.203058772956505599e-05 1.249978958404763217e-03 2.554185520687707301e-04 3.348304897381995833e-06 1.957976682948863042e-04 7.753818613047235020e-02 8.484593684272522668e-03 9.169406334888888233e-02
1.050000000000000000e+04 3.425987125191389936e-03 4.772897625562226245e-05 2.706543656404983809e-03 2.286741177465386745e-04 3.505863864884085942e-06 1.855129825413404251e-04 7.749827350674301507e-02 8.489892330592042208e-03 9.157118316358793531e-02 1.556443893037310570e-03 2.209129017249130629e-05 1.278410802781935118e-03 2.286741177465386745e-04 3.505863864884085942e-06 1.855129825413404251e-04 7.749827350674301507e-02 8.489892330592042208e-03 9.157118316358793531e-02
1.100000000000000000e+04 3.499790094978287840e-03 5.046541501898423168e-05 2.821454619400563541e-03 1.960531313935974876e-04 3.193228332046996827e-06 1.645430377797535686e-04 7.748849379477543153e-02 8.485691093631994586e-03 9.156021200854735920e-02 1.594679341868909589e-03 2.362624895909546600e-05 1.326101653705912854e-03 1.960531313935974876e-04 3.193228332046996827e-06 1.645430377797535686e-04 7.748849379477543153e-02 8.485691093631994586e-03 9.156021200854735920e-02
1.150000000000000000e+04 3.408594097045276362e-03 4.551601573592777477e-05 2.649603374991947591e-03 2.382534197450577056e-04 3.869319018272421584e-06 1.952408867544676329e-04 7.750446019442776280e-02 8.498009635163672471e-03 9.163625176716309884e-02 1.571266384862967649e-03 2.147726305029015259e-05 1.276767199918550080e-03 2.382534197450577056e-04 3.869319018272421584e-06 1.952408867544676329e-04 7.750446019442776280e-02 8.498009635163672471e-03 9.163625176716309884e-02
1.200000000000000000e+04 3.431510845307646392e-03 4.688572266209592492e-05 2.703769529260332573e-03 2.290146939740694398e-04 3.600954311845397203e-06 1.790334689029833819e-04 7.748898439870410826e-02 8.493369365103559110e-03 9.157693583712063490e-02 1.592612668321867660e-03 2.226303724204182428e-05 1.308646380551623748e-03 2.290146939740694398e-04 3.600954311845397203e-06 1.790334689029833819e-04 7.748898439870410826e-02 8.493369365103559110e-03 9.157693583712063490e-02
1.250000000000000000e+04 3.345007295380946800e-03 5.030220988251825305e-05 2.508317459162013891e-03 2.836862658198822809e-04 3.929232793928193375e-06 2.828529526275067128e-04 7.755501781939509731e-02 8.482523336506127276e-03 9.188951936562893275e-02 1.591021923714977743e-03 2.291767373904781554e-05 1.264450844067996349e-03 2.836862658198822809e-04 3.929232793928193375e-06 2.828529526275067128e-04 7.755501781939509731e-02 8.482523336506127276e-03 9.188951936562893275e-02
1.300000000000000000e+04 3.305118215459477201e-03 5.146129142884900355e-05 2.761380883205068453e-03 3.271796378972757790e-04 2.005479807316202293e-06 1.350905723787389245e-04 7.755154716147166782e-02 8.483108865218040931e-03 9.157339547792336942e-02 1.600935361486891797e-03 2.349845304151465701e-05 1.376054189204558523e-03 3.271796378972757790e-04 2.005479807316202293e-06 1.350905723787389245e-04 7.755154716147166782e-02 8.483108865218040931e-03 9.157339547792336942e-02
1.350000000000000000e+04 3.417479303207933763e-03 4.933446365681754214e-05 2.713583832547375972e-03 2.176148436890520325e-04 3.675693900844676627e-06 2.048728405285177854e-04 7.751006281311774437e-02 8.485338535003779381e-03 9.154157624643220748e-02 1.668613244759225471e-03 2.343180298174933656e-05 1.384139046781601755e-03 2.176148436890520325e-04 3.675693900844676627e-06 2.048728405285177854e-04 7.751006281311774437e-02 8.485338535003779381e-03 9.154157624643220748e-02
1.400000000000000000e+04 3.416944771346366871e-03 4.884459654843990026e-05 2.701747783231176533e-03 2.349338620500792643e-04 3.238370460571929968e-06 1.831969724657425615e-04 7.748831396811332872e-02 8.487292071318885273e-03 9.156927563634960354e-02 1.732561479606578711e-03 2.368199362529327634e-05 1.432648398368080618e-03 2.349338620500792643e-04 3.238370460571929968e-06 1.831969724657425615e-04 7.748831396811332872e-02 8.487292071318885273e-03 9.156927563634960354e-02
1.450000000000000000e+04 3.407097403178434639e-03 4.752697723785223659e-05 2.701455948264126685e-03 2.338610124799173572e-04 3.656275023253344768e-06 1.868489917755120956e-04 7.749166674302399027e-02 8.489354138983381398e-03 9.155990614866910127e-02 1.850164498642959234e-03 2.520606951397326776e-05 1.520397942636725775e-03 2.338610124799173572e-04 3.656275023253344768e-06 1.868489917755120956e-04 7.749166674302399027e-02 8.489354138983381398e-03 9.155990614866910127e-02
1.500000000000000000e+04 3.408377728898818668e-03 4.819624749842375068e-05 2.694114747840474066e-03 2.285805589605883559e-04 3.417131196978207379e-06 1.872048923230067771e-04 7.748354742162945341e-02 8.487882941245805668e-03 9.155868485619404751e-02 2.076482158966372771e-03 2.858518065257956031e-05 1.680122699516312535e-03 2.285805589605883559e-04 3.417131196978207379e-06 1.872048923230067771e-04 7.748354742162945341e-02 8.487882941245805668e-03 9.155868485619404751e-02
1.550000000000000000e+04 3.507865682124724528e-03 6.449530187848175088e-05 2.688889958031570170e-03 1.483368287858957582e-04 5.792775606548775272e-08 2.227997366856695040e-04 7.748460769856342634e-02 8.501148758131790023e-03 9.153560856731532414e-02 2.382164492551556382e-03 3.644028849513953786e-05 1.875421335910115858e-03 1.483368287858957582e-04 5.792775606548775272e-08 2.227997366856695040e-04 7.748460769856342634e-02 8.501148758131790023e-03 9.153560856731532414e-02
1.600000000000000000e+04 3.262174414688928659e-03 2.908760504765081371e-05 2.657259440520629012e-03 3.387589235288066903e-04 3.453474008338315251e-05 1.812548808541413598e-04 7.754868168786945015e-02 8.594364770234218590e-03 9.157913522774660531e-02 2.299886296856035964e-03 1.719434816796260189e-05 1.891139890320308161e-03 3.387589235288066903e-04 3.453474008338315251e-05 1.812548808541413598e-04 7.754868168786945015e-02 8.594364770234218590e-03 9.157913522774660531e-02
1.650000000000000000e+04 3.409919570688590973e-03 4.826762936366394427e-05 2.705495558185121857e-03 2.121331814719065766e-04 3.916659833624373823e-06 1.748433063832732640e-04 7.747560719312455990e-02 8.488022628238008072e-03 9.154306616984821121e-02 2.312602641258198425e-03 2.578021308941788671e-05 1.861295802289642930e-03 2.121331814719065766e-04 3.916659833624373823e-06 1.748433063832732640e-04 7.747560719312455990e-02 8.488022628238008072e-03 9.154306616984821121e-02
1.700000000000000000e+04 3.401062597342428828e-03 4.700890009206559988e-05 2.689262767119564041e-03 2.213973012519198345e-04 5.486251643779404480e-06 1.923440034678364512e-04 7.745937442449042643e-02 8.491501606155244311e-03 9.152799203142152062e-02 2.184439469837464766e-03 2.522718012732083921e-05 1.679467326039255515e-03 2.213973012519198345e-04 5.486251643779404480e-06 1.923440034678364512e-04 7.745937442449042643e-02 8.491501606155244311e-03 9.152799203142152062e-02
1.750000000000000000e+04 3.401470734954523210e-03 5.045196725858089049e-05 2.676987858484318819e-03 2.147794108960293983e-04 3.853773681298600273e-06 1.908470635482802287e-04 7.742302690637117846e-02 8.488155068624976193e-03 9.150357670260439447e-02 2.053724148396331509e-03 3.004716675147747274e-05 1.616600795759883490e-03 2.147794108960293983e-04 3.853773681298600273e-06 1.908470635482802287e-04 7.742302690637117846e-02 8.488155068624976193e-03 9.150357670260439447e-02
1.800000000000000000e+04 2.794639048914852333e-04 5.176268356209831281e-05 3.553209196724673650e-04 4.786880647321580781e-05 1.984720092460008522e-07 1.954168339481331186e-05 7.538913680512948634e-02 8.475838552385912480e-03 8.993253802590034374e-02 1.017139431613639570e-04 5.526390685464120146e-05 2.555165415750910995e-04 4.786880647321580781e-05 1.984720092460008522e-07 1.954168339481331186e-05 7.538913680512948634e-02 8.475838552385912480e-03 8.993253802590034374e-02
1.850000000000000000e+04 7.757485012057899383e-05 5.402552582999706969e-05 2.268527516183145598e-04 3.538441537351628876e-05 1.087520699228640855e-06 3.397992475388942528e-05 7.539343744138861381e-02 8.479369453885048091e-03 8.990885864943021222e-02 5.576460661895698098e-05 5.586186614522344805e-05 2.169500545255652845e-04 3.538441537351628876e-05 1.087520699228640855e-06 3.397992475388942528e-05 7.539343744138861381e-02 8.479369453885048091e-03 8.990885864943021222e-02
1.900000000000000000e+04 6.388807197579920397e-05 5.426864318445043169e-05 2.242406647396589961e-04 5.059349364121050409e-05 6.894055022522286168e-08 1.923044981310102636e-05 7.537881211341659893e-02 8.475999001001674124e-03 8.992458435618860824e-02 5.545204375626550103e-05 5.505890334803527776e-05 2.229967366955690406e-04 5.059349364121050409e-05 6.894055022522286168e-08 1.923044981310102636e-05 7.537881211341659893e-02 8.475999001001674124e-03 8.992458435618860824e-02
1.950000000000000000e+04 5.679721533404317720e-05 5.182188590027944234e-05 2.099027947503255109e-04 3.489157140620109118e-05 1.060597757899237316e-05 3.791831271799266697e-05 7.539362560069091945e-02 8.493414685618785182e-03 8.990497138301251079e-02 5.204461166465330603e-05 5.173789182733563668e-05 2.120618435366406450e-04 3.489157140620109118e-05 1.060597757899237316e-05 3.791831271799266697e-05 7.539362560069091945e-02 8.493414685618785182e-03 8.990497138301251079e-02
2.000000000000000000e+04 5.767264516097623704e-05 5.421045754752987743e-05 2.192022288567207578e-04 3.877143308403736057e-05 4.509074027937069339e-07 2.949805136806471023e-05 7.538966855582550364e-02 8.477485115074460259e-03 8.991275173838406132e-02 5.459868595706002177e-05 5.444716194953380965e-05 2.216318622480479379e-04 3.877143308403736057e-05 4.509074027937069339e-07 2.949805136806471023e-05 7.538966855582550364e-02 8.477485115074460259e-03 8.991275173838406132e-02
2.050000000000000000e+04 5.649948293676843166e-05 5.416987351659095161e-05 2.180223955762545672e-04 3.672295954959888816e-05 5.958843284083979838e-07 2.901407813497352826e-05 7.539171894376299476e-02 8.477943050708045339e-03 8.991333048845165377e-02 5.444738896888767321e-05 5.440475257449744014e-05 2.205548940963212071e-04 3.672295954959888816e-05 5.958843284083979838e-07 2.901407813497352826e-05 7.539171894376299476e-02 8.477943050708045339e-03 8.991333048845165377e-02
2.100000000000000000e+04 5.557834182383056162e-05 5.599066502843752188e-05 2.199946341804554862e-04 1.085158757542227889e-05 4.159052111909365940e-07 5.854426055311118482e-05 7.543013596516776054e-02 8.475561087304118307e-03 8.988872868283358242e-02 5.367524595541272420e-05 5.620933223849531788e-05 2.229111350974620877e-04 1.085158757542227889e-05 4.159052111909365940e-07 5.854426055311118482e-05 7.543013596516776054e-02 8.475561087304118307e-03 8.988872868283358242e-02
2.150000000000000000e+04 5.580822836016049830e-05 5.484189780739209602e-05 2.191997778772394824e-04 3.046904682858963661e-05 9.353515486578891981e-09 2.142519424936631302e-05 7.539912971107809447e-02 8.476597874184810255e-03 8.992230929066508116e-02 5.475418776517429692e-05 5.504775720973426929e-05 2.208919442743480547e-04 3.046904682858963661e-05 9.353515486578891981e-09 2.142519424936631302e-05 7.539912971107809447e-02 8.476597874184810255e-03 8.992230929066508116e-02
2.200000000000000000e+04 5.512589563458897952e-05 5.436537046855988077e-05 2.176409170340191522e-04 3.461196728166769762e-05 5.303739167811095060e-07 3.602547897512977618e-05 7.539386232615323535e-02 8.477668109083265693e-03 8.990659009481558051e-02 5.448101280126731172e-05 5.457013222883480260e-05 2.196614847969702918e-04 3.461196728166769762e-05 5.303739167811095060e-07 3.602547897512977618e-05 7.539386232615323535e-02 8.477668109083265693e-03 8.990659009481558051e-02
2.250000000000000000e+04 5.485066891986950586e-05 5.420504867569531061e-05 2.169248046009121132e-04 3.447899573835733878e-05 6.816427967759755509e-07 3.083938516508015574e-05 7.539409483477776952e-02 8.478469185988874238e-03 8.991141822635156933e-02 5.434853793821158968e-05 5.441960828930399310e-05 2.186030834923259213e-04 3.447899573835733878e-05 6.816427967759755509e-07 3.083938516508015574e-05 7.539409483477776952e-02 8.478469185988874238e-03 8.991141822635156933e-02
2.300000000000000000e+04 5.570957225099079998e-05 5.619086089273130471e-05 2.210061714443246569e-04 1.219815571982179511e-05 3.924354108293207586e-07 1.503828574035729461e-05 7.543895179437949683e-02 8.473579511189124197e-03 8.993622158011146950e-02 5.427267714845936645e-05 5.640016945631818809e-05 2.216045053652989532e-04 1.219815571982179511e-05 3.924354108293207586e-07 1.503828574035729461e-05 7.543895179437949683e-02 8.473579511189124197e-03 8.993622158011146950e-02
2.350000000000000000e+04 4.466048250273532607e-05 4.816981337245646331e-05 1.640246641307295235e-04 1.016652414178541828e-04 1.808008577062898117e-04 8.567252606240695568e-07 7.534309354485402288e-02 8.659736313767223484e-03 9.000549505869641365e-02 4.428007870973611266e-05 4.046263926754245234e-05 1.621148183412603563e-04 1.016652414178541828e-04 1.808008577062898117e-04 8.567252606240695568e-07 7.534309354485402288e-02 8.659736313767223484e-03 9.000549505869641365e-02
2.400000000000000000e+04 5.406822563493944144e-05 5.351581946882561321e-05 2.141554060001902259e-04 4.517796588800787914e-05 1.266749584468498878e-05 3.262174875090318252e-05 7.538347257330946238e-02 8.479147063584128660e-03 8.991005426271883594e-02 5.390100848891766252e-05 5.359517407314546271e-05 2.155619047563015541e-04 4.517796588800787914e-05 1.266749584468498878e-05 3.262174875090318252e-05 7.538347257330946238e-02 8.479147063584128660e-03 8.991005426271883594e-02
2.450000000000000000e+04 5.618894254908431883e-05 5.325974297469049151e-05 2.174477428470580702e-04 6.117651386401301193e-05 3.931209439355619145e-07 2.872634046182179291e-05 7.537450276398474647e-02 8.477599376935172903e-03 8.991361323988902865e-02 5.597068718336142379e-05 5.349954472116296903e-05 2.188344140815322997e-04 6.117651386401301193e-05 3.931209439355619145e-07 2.872634046182179291e-05 7.537450276398474647e-02 8.477599376935172903e-03 8.991361323988902865e-02
2.500000000000000000e+04 5.549451810363577325e-05 5.467873523927202641e-05 2.236757333302207419e-04 2.218223899825179431e-05 8.107761614399633103e-06 1.429282416454006948e-04 7.541658586316156432e-02 8.471083132232220744e-03 8.986548931799862028e-02 5.547388654277213212e-05 5.489055627729141977e-05 2.246655719415356948e-04 2.218223899825179431e-05 8.107761614399633103e-06 1.429282416454006948e-04 7.541658586316156432e-02 8.471083132232220744e-03 8.986548931799862028e-02
2.550000000000000000e+04 5.088513582500372176e-05 5.051133178673187569e-05 2.011327152215823153e-04 4.569417195456386904e-05 5.898311274261480715e-06 2.465891039867883100e-05 7.538304110149532389e-02 8.507718174273263406e-03 8.991813833553732871e-02 5.084168827441757900e-05 5.032858310826194886e-05 2.022359377299389100e-04 4.569417195456386904e-05 5.898311274261480715e-06 2.465891039867883100e-05 7.538304110149532389e-02 8.507718174273263406e-03 8.991813833553732871e-02
2.600000000000000000e+04 5.465065051355793766e-05 5.416045121639682323e-05 2.172168669706502477e-04 3.081850015236902633e-05 1.684985576714515604e-08 3.617772776793941428e-05 7.539858831527965211e-02 8.479026376805160609e-03 8.990667263633549122e-02 5.465389736449997524e-05 5.443230276530756565e-05 2.185209488329064383e-04 3.081850015236902633e-05 1.684985576714515604e-08 3.617772776793941428e-05 7.539858831527965211e-02 8.479026376805160609e-03 8.990667263633549122e-02
2.650000000000000000e+04 5.435964807129127854e-05 5.549692126198034286e-05 2.200216130898386216e-04 8.591731515362386441e-06 2.651954278899192105e-06 6.990313408825075470e-05 7.543090841377576850e-02 8.473625580449254888e-03 8.988185436645373949e-02 5.410694339608476233e-05 5.574277189650351860e-05 2.214202361126328406e-04 8.591731515362386441e-06 2.651954278899192105e-06 6.990313408825075470e-05 7.543090841377576850e-02 8.473625580449254888e-03 8.988185436645373949e-02
2.700000000000000000e+04 5.507472195638396615e-05 5.487529635061293262e-05 2.197408382029378379e-04 3.634658723388864600e-05 2.364474229307551877e-07 4.557255439940725850e-05 7.539208171104699874e-02 8.474682698926212787e-03 8.989811403271655288e-02 5.509714990506941416e-05 5.513901374758998228e-05 2.210280931390820982e-04 3.634658723388864600e-05 2.364474229307551877e-07 4.557255439940725850e-05 7.539208171104699874e-02 8.474682698926212787e-03 8.989811403271655288e-02
2.750000000000000000e+04 5.991394860542360959e-05 5.454406660700426629e-05 2.259633329804111796e-04 1.232058747518437788e-04 2.876046501821775644e-08 2.817826373633670323e-07 7.533440422912621171e-02 8.468678905449911545e-03 8.997508186983035894e-02 5.966499604397598673e-05 5.480599409646409005e-05 2.259242544945438611e-04 1.232058747518437788e-04 2.876046501821775644e-08 2.817826373633670323e-07 7.533440422912621171e-02 8.468678905449911545e-03 8.997508186983035894e-02
2.800000000000000000e+04 5.325550279745208112e-05 5.347273462141517128e-05 2.131192079061401158e-04 3.421142513308249376e-05 9.341259247124439633e-07 3.382387045741573281e-05 7.539435897345887760e-02 8.484044616612463827e-03 8.990848012368136966e-02 5.329580555735027381e-05 5.370752637794628213e-05 2.142456168259175792e-04 3.421142513308249376e-05 9.341259247124439633e-07 3.382387045741573281e-05 7.539435897345887760e-02 8.484044616612463827e-03 8.990848012368136966e-02
2.850000000000000000e+04 5.514004092917288314e-05 5.577492437094149017e-05 2.213896995160693408e-04 3.055100364750377328e-05 1.455146095104583713e-09 3.335607119627063716e-05 7.539878085713855316e-02 8.472924782559699067e-03 8.990881442027801040e-02 5.516443058191845031e-05 5.605972709675717173e-05 2.224902909183284279e-04 3.055100364750377328e-05 1.455146095104583713e-09 3.335607119627063716e-05 7.539878085713855316e-02 8.472924782559699067e-03 8.990881442027801040e-02
2.900000000000000000e+04 5.063616485105603153e-05 5.197379277157803778e-05 2.031118848309999337e-04 1.784435105289517204e-05 1.052830608977952106e-05 2.179777024553587907e-05 7.541803713178639457e-02 8.501813907200787140e-03 8.992146751350513223e-02 5.027779598977923022e-05 5.180467511527713919e-05 2.039685267182288024e-04 1.784435105289517204e-05 1.052830608977952106e-05 2.179777024553587907e-05 7.541803713178639457e-02 8.501813907200787140e-03 8.992146751350513223e-02
2.950000000000000000e+04 5.509796464603104786e-05 5.231794006907785304e-05 2.138389969335854294e-04 4.928233090944189723e-05 1.019628877778143316e-06 2.630065128163354529e-05 7.538346127524037099e-02 8.482038677865531839e-03 8.991753902135093957e-02 5.522289895660949049e-05 5.258252950156725911e-05 2.150533858172213675e-04 4.928233090944189723e-05 1.019628877778143316e-06 2.630065128163354529e-05 7.538346127524037099e-02 8.482038677865531839e-03 8.991753902135093957e-02
3.000000000000000000e+04 5.204345790415857012e-05 5.449181322875624447e-05 2.126192648188672660e-04 2.707281582487800812e-05 1.128754494590790964e-07 4.471991720115481246e-05 7.540343732115388498e-02 8.486623010495429609e-03 8.989896741181822859e-02 5.205823862104745685e-05 5.476108583508835852e-05 2.136544135301332299e-04 2.707281582487800812e-05 1.128754494590790964e-07 4.471991720115481246e-05 7.540343732115388498e-02 8.486623010495429609e-03 8.989896741181822859e-02
3.050000000000000000e+04 5.430549495108603946e-05 5.389627911560158978e-05 2.160407724323365160e-04 4.282053626878004035e-05 7.562480301610157880e-07 2.959804579158564533e-05 7.538568856174725219e-02 8.478875382702009272e-03 8.991274712661755097e-02 5.447511740368276629e-05 5.417871188771658373e-05 2.170915098711646970e-04 4.282053626878004035e-05 7.562480301610157880e-07 2.959804579158564533e-05 7.538568856174725219e-02 8.478875382702009272e-03 8.991274712661755097e-02
3.100000000000000000e+04 5.343151917313073947e-05 5.477937491945842648e-05 2.167182033599367131e-04 1.979213583064403764e-05 2.049008633157901837e-06 4.922708723128586936e-05 7.541200893384172876e-02 8.477824343504134982e-03 8.989656489269907957e-02 5.349242655571319788e-05 5.504185967200907263e-05 2.178562755343779159e-04 1.979213583064403764e-05 2.049008633157901837e-06 4.922708723128586936e-05 7.541200893384172876e-02 8.477824343504134982e-03 8.989656489269907957e-02
3.150000000000000000e+04 5.320035969043048147e-05 5.111278175264290002e-05 2.072061731887085267e-04 1.725028975329077056e-05 1.762070148939405658e-06 1.035401831635815798e-05 7.541584440693889502e-02 8.493170419949899047e-03 8.994038156069866785e-02 5.325696092633809331e-05 5.118594918263103839e-05 2.082097220077534414e-04 1.725028975329077056e-05 1.762070148939405658e-06 1.035401831635815798e-05 7.541584440693889502e-02 8.493170419949899047e-03 8.994038156069866785e-02
3.200000000000000000e+04 5.431380813760256583e-05 5.427233605421465269e-05 2.169570278674706092e-04 3.842366908904193092e-05 4.370551419118419530e-07 3.166643524732643233e-05 7.538995994971792181e-02 8.477780064408539998e-03 8.991064755882480219e-02 5.449905555140011711e-05 5.456247139038897996e-05 2.179485414684047349e-04 3.842366908904193092e-05 4.370551419118419530e-07 3.166643524732643233e-05 7.538995994971792181e-02 8.477780064408539998e-03 8.991064755882480219e-02
3.250000000000000000e+04 5.405992067409469317e-05 5.421176283245905181e-05 2.164554778526986542e-04 3.651416364391268699e-05 1.102301341801227322e-07 3.760296802213512383e-05 7.539250266195357542e-02 8.479047656921312459e-03 8.990935726122792349e-02 5.439074835248691866e-05 5.447996042215370340e-05 2.175016396202006255e-04 3.651416364391268699e-05 1.102301341801227322e-07 3.760296802213512383e-05 7.539250266195357542e-02 8.479047656921312459e-03 8.990935726122792349e-02
3.300000000000000000e+04 5.064928130084470114e-05 4.877581327104770083e-05 1.971778054822988474e-04 6.090187172726875770e-05 3.275490404014459852e-06 1.360784896950430271e-05 7.537117573848367558e-02 8.517737137133834721e-03 8.993538949853722986e-02 5.087550955719741122e-05 4.868229806082540303e-05 1.977821387044792424e-04 6.090187172726875770e-05 3.275490404014459852e-06 1.360784896950430271e-05 7.537117573848367558e-02 8.517737137133834721e-03 8.993538949853722986e-02
3.350000000000000000e+04 5.297177037407376242e-05 5.651515309254905126e-05 2.152631616081653965e-04 4.470757181870983688e-06 1.908161256907073460e-06 1.666927805902683224e-05 7.545147018308723252e-02 8.479467948686741224e-03 8.992907382959611229e-02 5.193728351731806951e-05 5.670827758798406570e-05 2.160798289824846430e-04 4.470757181870983688e-06 1.908161256907073460e-06 1.666927805902683224e-05 7.545147018308723252e-02 8.479467948686741224e-03 8.992907382959611229e-02
3.400000000000000000e+04 5.358458546721177362e-05 5.388096147502379629e-05 2.150680456002138801e-04 2.736142756640570648e-05 2.689646232840305643e-07 3.745545337576247608e-05 7.540214439319394002e-02 8.481003746846455318e-03 8.990586807878668540e-02 5.379455376093204106e-05 5.416188771187664159e-05 2.160652351216189914e-04 2.736142756640570648e-05 2.689646232840305643e-07 3.745545337576247608e-05 7.540214439319394002e-02 8.481003746846455318e-03 8.990586807878668540e-02
3.450000000000000000e+04 5.516831614632365627e-05 5.422346082734751267e-05 2.187656200943225663e-04 4.234508825269677845e-05 1.821510623864912218e-07 3.002192378866316239e-05 7.538678567878587256e-02 8.475664558504314786e-03 8.991258566087172166e-02 5.541561672914011889e-05 5.454904672293147506e-05 2.195234229576324648e-04 4.234508825269677845e-05 1.821510623864912218e-07 3.002192378866316239e-05 7.538678567878587256e-02 8.475664558504314786e-03 8.991258566087172166e-02
3.500000000000000000e+04 5.434763825005928977e-05 5.409521057190465614e-05 2.167969206123022952e-04 3.455109087002190382e-05 1.026203417394888902e-06 2.111872669776339659e-05 7.539395566676074245e-02 8.477522753500331062e-03 8.992204485066736253e-02 5.454035783312292425e-05 5.437259944417160827e-05 2.175654910743206338e-04 3.455109087002190382e-05 1.026203417394888902e-06 2.111872669776339659e-05 7.539395566676074245e-02 8.477522753500331062e-03 8.992204485066736253e-02
3.550000000000000000e+04 5.372931783381085160e-05 5.095055176557192423e-05 2.085014475270423491e-04 5.640869335917564939e-05 4.908206505533029638e-07 4.056749382659602596e-06 7.537709975276950247e-02 8.493150260892666503e-03 8.996052361224413096e-02 5.397591649069375861e-05 5.110726628098996458e-05 2.085068965311210015e-04 5.640869335917564939e-05 4.908206505533029638e-07 4.056749382659602596e-06 7.537709975276950247e-02 8.493150260892666503e-03 8.996052361224413096e-02
3.600000000000000000e+04 5.073604373207623203e-05 5.087420568949067569e-05 2.031756520432294875e-04 6.205959927443943571e-05 1.743043733060805337e-09 2.687760741270880496e-05 7.536990768179734068e-02 8.506870434875499903e-03 8.992500986799269180e-02 5.089464560642012177e-05 5.105931959212832205e-05 2.035363205340274997e-04 6.205959927443943571e-05 1.743043733060805337e-09 2.687760741270880496e-05 7.536990768179734068e-02 8.506870434875499903e-03 8.992500986799269180e-02
3.650000000000000000e+04 5.176903973334137822e-05 5.442962410830201592e-05 2.109658299931326236e-04 4.497732517736435273e-06 3.607490158390502368e-06 3.839602309902599090e-05 7.544731402677050391e-02 8.487075810423704014e-03 8.990496341587918272e-02 5.120838356147580211e-05 5.461103893224286259e-05 2.117274043977552059e-04 4.497732517736435273e-06 3.607490158390502368e-06 3.839602309902599090e-05 7.544731402677050391e-02 8.487075810423704014e-03 8.990496341587918272e-02
3.700000000000000000e+04 5.495683447569234969e-05 5.449027492334042897e-05 2.186282340187788100e-04 4.785689806389489397e-05 8.795475560163297758e-08 3.254908118354761932e-05 7.538109672430209907e-02 8.475891874375571233e-03 8.990980449176073919e-02 5.518922896082378707e-05 5.480589163345679334e-05 2.193964290668370303e-04 4.785689806389489397e-05 8.795475560163297758e-08 3.254908118354761932e-05 7.538109672430209907e-02 8.475891874375571233e-03 8.990980449176073919e-02
3.750000000000000000e+04 5.369751009704266687e-05 5.220437294245550613e-05 2.116799240637284125e-04 4.096139075427629689e-05 2.704080767999041355e-06 3.098986982541245981e-05 7.538850718535985984e-02 8.484954094429409885e-03 8.991152887485133471e-02 5.400109699951378159e-05 5.243496996453410694e-05 2.125615664995616702e-04 4.096139075427629689e-05 2.704080767999041355e-06 3.098986982541245981e-05 7.538850718535985984e-02 8.484954094429409885e-03 8.991152887485133471e-02
3.800000000000000000e+04 5.428850997561828645e-05 5.430119809281920085e-05 2.171191531340184520e-04 3.847919723870689592e-05 4.734355161241194134e-07 3.017208510488367612e-05 7.538991126171548651e-02 8.477396823976012311e-03 8.991217948440057006e-02 5.453178955905971768e-05 5.461847931903801719e-05 2.179526031032652078e-04 3.847919723870689592e-05 4.734355161241194134e-07 3.017208510488367612e-05 7.538991126171548651e-02 8.477396823976012311e-03 8.991217948440057006e-02
3.850000000000000000e+04 5.386842814965623824e-05 5.305403840979976561e-05 2.146288659959367097e-04 8.549178742645973156e-06 6.351078438532045729e-07 4.368242103873473317e-05 7.543745240473832825e-02 8.481542366323919016e-03 8.990138263600390423e-02 5.414141905728658821e-05 5.332044542258082244e-05 2.155118417121599497e-04 8.549178742645973156e-06 6.351078438532045729e-07 4.368242103873473317e-05 7.543745240473832825e-02 8.481542366323919016e-03 8.990138263600390423e-02
3.900000000000000000e+04 5.309033754458259135e-05 5.292956916429838863e-05 2.135348565812911193e-04 1.824381918327963898e-05 1.098306499679396761e-05 5.891839230757826265e-05 7.541417972517484858e-02 8.481013293318268031e-03 8.988880500350973635e-02 5.332307757116751127e-05 5.314268740417251087e-05 2.144253010681648319e-04 1.824381918327963898e-05 1.098306499679396761e-05 5.891839230757826265e-05 7.541417972517484858e-02 8.481013293318268031e-03 8.988880500350973635e-02
3.950000000000000000e+04 5.458741447829037769e-05 5.383477391197346689e-05 2.168815274824275143e-04 3.994537897199692270e-05 8.278652363301067830e-07 3.094068817370073537e-05 7.538879655611319119e-02 8.477356102874318566e-03 8.991144479132485989e-02 5.487249542491651053e-05 5.413483924244605973e-05 2.177350320928681459e-04 3.994537897199692270e-05 8.278652363301067830e-07 3.094068817370073537e-05 7.538879655611319119e-02 8.477356102874318566e-03 8.991144479132485989e-02
4.000000000000000000e+04 5.478680456188267297e-05 5.568448777073633561e-05 2.215285075216446079e-04 1.789805667384035797e-05 8.312854247043784623e-07 4.896430420972197541e-05 7.541452884992966288e-02 8.471630211022861470e-03 8.989765587115679246e-02 5.501258000794124667e-05 5.595540020277417470e-05 2.224491032935400328e-04 1.789805667384035797e-05 8.312854247043784623e-07 4.896430420972197541e-05 7.541452884992966288e-02 8.471630211022861470e-03 8.989765587115679246e-02
4.050000000000000000e+04 5.371946651244395544e-05 5.407733531366826777e-05 2.155361016349019692e-04 4.288707945485869909e-05 2.197734545091161388e-07 2.881719522630337357e-05 7.538574545553915207e-02 8.480156417282830664e-03 8.991388710343443946e-02 5.394350651131696046e-05 5.436864751075764346e-05 2.163012367702460295e-04 4.288707945485869909e-05 2.197734545091161388e-07 2.881719522630337357e-05 7.538574545553915207e-02 8.480156417282830664e-03 8.991388710343443946e-02
4.100000000000000000e+04 5.370896272142824718e-05 5.244026228639708207e-05 2.122995110687928033e-04 4.590253096488476636e-05 9.660542408948060023e-07 3.305535034194488186e-05 7.538373780312428163e-02 8.484652673027294131e-03 8.990949366494518924e-02 5.403375347767660293e-05 5.270606839235808804e-05 2.132187911952963626e-04 4.590253096488476636e-05 9.660542408948060023e-07 3.305535034194488186e-05 7.538373780312428163e-02 8.484652673027294131e-03 8.990949366494518924e-02
4.150000000000000000e+04 5.416372394848083049e-05 5.418875620833904765e-05 2.167997376294803326e-04 3.800240968750949607e-05 4.771863221364883470e-07 3.007450256068132681e-05 7.539044504753443510e-02 8.477665084213131808e-03 8.991235262450036902e-02 5.443450130912011172e-05 5.448460990062908713e-05 2.176349090244069056e-04 3.800240968750949607e-05 4.771863221364883470e-07 3.007450256068132681e-05 7.539044504753443510e-02 8.477665084213131808e-03 8.991235262450036902e-02
4.200000000000000000e+04 5.424995857130517876e-05 5.425009241812067283e-05 2.170349951711070702e-04 3.704783222544589838e-05 4.862849921078431634e-07 3.001427819288624593e-05 7.539139233265611251e-02 8.477154999226015064e-03 8.991245057327762469e-02 5.451346294968962891e-05 5.457733388233515308e-05 2.179484960791014164e-04 3.704783222544589838e-05 4.862849921078431634e-07 3.001427819288624593e-05 7.539139233265611251e-02 8.477154999226015064e-03 8.991245057327762469e-02
4.250000000000000000e+04 5.418480783490279423e-05 5.409329991269050614e-05 2.165834029346122265e-04 3.799724708737623044e-05 5.815950488124799352e-07 2.917674060266905206e-05 7.539043705589593136e-02 8.477738241735222405e-03 8.991333138455970264e-02 5.444551319296917033e-05 5.441253355770721918e-05 2.174600912161281515e-04 3.799724708737623044e-05 5.815950488124799352e-07 2.917674060266905206e-05 7.539043705589593136e-02 8.477738241735222405e-03 8.991333138455970264e-02
4.300000000000000000e+04 5.385696187281029725e-05 5.289086401258901728e-05 2.139216008466913305e-04 5.039223578038066071e-05 1.596376934889205276e-08 4.143578891756238001e-05 7.537939118667609517e-02 8.484118888579384246e-03 8.990234527742514692e-02 5.401866903954893754e-05 5.314468476329283316e-05 2.146597421249956989e-04 5.039223578038066071e-05 1.596376934889205276e-08 4.143578891756238001e-05 7.537939118667609517e-02 8.484118888579384246e-03 8.990234527742514692e-02
4.350000000000000000e+04 5.371589107881300103e-05 5.500792265270898544e-05 2.174343745057966462e-04 2.780652095236663425e-05 6.301779737182284069e-07 3.490420247536841792e-05 7.540250087870174756e-02 8.476397594655103035e-03 8.990832846101617926e-02 5.385561108075698509e-05 5.531342168884929579e-05 2.183709988230875373e-04 2.780652095236663425e-05 6.301779737182284069e-07 3.490420247536841792e-05 7.540250087870174756e-02 8.476397594655103035e-03 8.990832846101617926e-02
4.400000000000000000e+04 4.811522796294147471e-05 5.103399441479554763e-05 1.973408486636928734e-04 2.183301375683839018e-05 5.732863557489654960e-06 2.931679923712584445e-05 7.541405612990578766e-02 8.518064955880543659e-03 8.991294578083318390e-02 4.797096119093853148e-05 5.092415797382885155e-05 1.980132044497893496e-04 2.183301375683839018e-05 5.732863557489654960e-06 2.931679923712584445e-05 7.541405612990578766e-02 8.518064955880543659e-03 8.991294578083318390e-02
4.450000000000000000e+04 5.322095764806963767e-05 5.304229392808300873e-05 2.124230613323764289e-04 4.636439565921158281e-05 1.221201474360282503e-07 2.874822747254150479e-05 7.538269716568821166e-02 8.484551337362379250e-03 8.991527218691355849e-02 5.356820002230606363e-05 5.330636734984374827e-05 2.134292128570191259e-04 4.636439565921158281e-05 1.221201474360282503e-07 2.874822747254150479e-05 7.538269716568821166e-02 8.484551337362379250e-03 8.991527218691355849e-02
4.500000000000000000e+04 5.629298310100103338e-05 5.709791702263577724e-05 2.267530669249925412e-04 4.065496680730043745e-05 5.521407781111354271e-09 3.440440897241542687e-05 7.538783157431319659e-02 8.466700420427422658e-03 8.990858422872773092e-02 5.658591639392955878e-05 5.739431401101982274e-05 2.276911092685213948e-04 4.065496680730043745e-05 5.521407781111354271e-09 3.440440897241542687e-05 7.538783157431319659e-02 8.466700420427422658e-03 8.990858422872773092e-02
4.550000000000000000e+04 5.513628752062435621e-05 5.432510540966018658e-05 2.194605104374014828e-04 4.048519507697072035e-05 1.332345088864718160e-06 3.092621198547319009e-05 7.538908297628720001e-02 8.473388411741890683e-03 8.991143991957663284e-02 5.547631396829818705e-05 5.451587836453900346e-05 2.204100502378147344e-04 4.048519507697072035e-05 1.332345088864718160e-06 3.092621198547319009e-05 7.538908297628720001e-02 8.473388411741890683e-03 8.991143991957663284e-02
4.600000000000000000e+04 5.234103150875422304e-05 5.518131429616825959e-05 2.143775993656646818e-04 2.751960054204833633e-05 8.370035691272241304e-08 3.351035687032077290e-05 7.540667731316273714e-02 8.481249034251939559e-03 8.990976342580109248e-02 5.228753725352342391e-05 5.550322494385645652e-05 2.153469309694461676e-04 2.751960054204833633e-05 8.370035691272241304e-08 3.351035687032077290e-05 7.540667731316273714e-02 8.481249034251939559e-03 8.990976342580109248e-02
4.650000000000000000e+04 5.385994165619154662e-05 5.396483591072995820e-05 2.159659067561646298e-04 3.826595721048107199e-05 4.318385258858573151e-07 2.982695428865697509e-05 7.539028512084584854e-02 8.478147334865977075e-03 8.991286251003038910e-02 5.414284753812109659e-05 5.424679062509595251e-05 2.169986608697670985e-04 3.826595721048107199e-05 4.318385258858573151e-07 2.982695428865697509e-05 7.539028512084584854e-02 8.478147334865977075e-03 8.991286251003038910e-02
4.700000000000000000e+04 4.935719374160395896e-05 5.086539503991386848e-05 2.003063371223632856e-04 4.275009270230636422e-05 1.339248569590984551e-06 1.825848815896189591e-05 7.539004666049188563e-02 8.510645857869548678e-03 8.993260656335780312e-02 4.940602014403330653e-05 5.096937780335558221e-05 2.007560866836128298e-04 4.275009270230636422e-05 1.339248569590984551e-06 1.825848815896189591e-05 7.539004666049188563e-02 8.510645857869548678e-03 8.993260656335780312e-02
4.750000000000000000e+04 5.384063506612065552e-05 5.329457109025797107e-05 2.144955674519212117e-04 4.094736492066267043e-05 4.587130599417748415e-07 2.915645968105141239e-05 7.538783804195881011e-02 8.479822253275575566e-03 8.991376342235811447e-02 5.417701354612055106e-05 5.360826380050189548e-05 2.155347924963516102e-04 4.094736492066267043e-05 4.587130599417748415e-07 2.915645968105141239e-05 7.538783804195881011e-02 8.479822253275575566e-03 8.991376342235811447e-02
4.800000000000000000e+04 1.746015031358247825e-04 2.020271732689438726e-05 2.875787972178134419e-04 2.230617143518435992e-05 1.482076702444917254e-05 2.213077093630243181e-06 7.559640095352476719e-02 8.494305052446523424e-03 9.006861705105202731e-02 1.573734603365343392e-04 2.002218449575350918e-05 2.836087855222476435e-04 2.230617143518435992e-05 1.482076702444917254e-05 2.213077093630243181e-06 7.559640095352476719e-02 8.494305052446523424e-03 9.006861705105202731e-02
4.850000000000000000e+04 5.387416408716346616e-05 5.387707814662699973e-05 2.157648631449416592e-04 3.800150536578511925e-05 4.514908197807494771e-07 3.000476898973752462e-05 7.539061350316490773e-02 8.477711522858876608e-03 8.991293371658422295e-02 5.417090002461622759e-05 5.420794348594439846e-05 2.169015472102840323e-04 3.800150536578511925e-05 4.514908197807494771e-07 3.000476898973752462e-05 7.539061350316490773e-02 8.477711522858876608e-03 8.991293371658422295e-02
4.900000000000000000e+04 5.229309454613378238e-05 5.195330267120395231e-05 2.095141750892713694e-04 4.778083130414461314e-06 1.676137226797808549e-05 1.478179545998330469e-05 7.544191934477223471e-02 8.483540315333371745e-03 8.994371536130910116e-02 5.278651253715602626e-05 5.208331976748768527e-05 2.109507777803605209e-04 4.778083130414461314e-06 1.676137226797808549e-05 1.478179545998330469e-05 7.544191934477223471e-02 8.483540315333371745e-03 8.994371536130910116e-02
4.950000000000000000e+04 5.333354336519088721e-05 5.353078542189165925e-05 2.142211314338491094e-04 2.693426366477393664e-05 1.254047549145223149e-06 3.725842431293156668e-05 7.540282458749882066e-02 8.479448298366847395e-03 8.990611686218712151e-02 5.368259129564532586e-05 5.384465807404266826e-05 2.153615200812823347e-04 2.693426366477393664e-05 1.254047549145223149e-06 3.725842431293156668e-05 7.540282458749882066e-02 8.479448298366847395e-03 8.990611686218712151e-02
5.000000000000000000e+04 5.256586470485402098e-05 5.446703547953745859e-05 2.134070254973029028e-04 3.875353987751770459e-05 3.917701009657094222e-07 3.692160480167337743e-05 7.539550134310293861e-02 8.482909446753405386e-03 8.991042103913511607e-02 5.260318542531136057e-05 5.482768039361226903e-05 2.140861567358482548e-04 3.875353987751770459e-05 3.917701009657094222e-07 3.692160480167337743e-05 7.539550134310293861e-02 8.482909446753405386e-03 8.991042103913511607e-02
