# x
0.000000000000000000e+00
0.000000000000000000e+00
0.000000000000000000e+00
0.000000000000000000e+00
0.000000000000000000e+00
0.000000000000000000e+00
0.000000000000000000e+00
5.050505050505050830e-01
1.010101010101010166e+00
1.515151515151515138e+00
2.020202020202020332e+00
2.525252525252525526e+00
3.030303030303030276e+00
3.535353535353535470e+00
4.040404040404040664e+00
4.545454545454545858e+00
5.050505050505051052e+00
5.555555555555556246e+00
6.060606060606060552e+00
6.565656565656565746e+00
7.070707070707070940e+00
7.575757575757576134e+00
8.080808080808081328e+00
8.585858585858586522e+00
9.090909090909091717e+00
9.595959595959596911e+00
1.010101010101010210e+01
1.060606060606060730e+01
1.111111111111111249e+01
1.161616161616161769e+01
1.212121212121212110e+01
1.262626262626262630e+01
1.313131313131313149e+01
1.363636363636363669e+01
1.414141414141414188e+01
1.464646464646464707e+01
1.515151515151515227e+01
1.565656565656565746e+01
1.616161616161616266e+01
1.666666666666666785e+01
1.717171717171717304e+01
1.767676767676767824e+01
1.818181818181818343e+01
1.868686868686868863e+01
1.919191919191919382e+01
1.969696969696969902e+01
2.020202020202020421e+01
2.070707070707070940e+01
2.121212121212121460e+01
2.171717171717171979e+01
2.222222222222222499e+01
2.272727272727273018e+01
2.323232323232323537e+01
2.373737373737374057e+01
2.424242424242424221e+01
2.474747474747474740e+01
2.525252525252525260e+01
2.575757575757575779e+01
2.626262626262626299e+01
2.676767676767676818e+01
2.727272727272727337e+01
2.777777777777777857e+01
2.828282828282828376e+01
2.878787878787878896e+01
2.929292929292929415e+01
2.979797979797979934e+01
3.030303030303030454e+01
3.080808080808080973e+01
3.131313131313131493e+01
3.181818181818182012e+01
3.232323232323232531e+01
3.282828282828283051e+01
3.333333333333333570e+01
3.383838383838384090e+01
3.434343434343434609e+01
3.484848484848485128e+01
3.535353535353535648e+01
3.585858585858586167e+01
3.636363636363636687e+01
3.686868686868687206e+01
3.737373737373737725e+01
3.787878787878788245e+01
3.838383838383838764e+01
3.888888888888889284e+01
3.939393939393939803e+01
3.989898989898990322e+01
4.040404040404040842e+01
4.090909090909091361e+01
4.141414141414141881e+01
4.191919191919192400e+01
4.242424242424242919e+01
4.292929292929293439e+01
4.343434343434343958e+01
4.393939393939394478e+01
4.444444444444444997e+01
4.494949494949495516e+01
4.545454545454546036e+01
4.595959595959596555e+01
4.646464646464647075e+01
4.696969696969697594e+01
4.747474747474748114e+01
4.797979797979798633e+01
4.848484848484848442e+01
4.898989898989898961e+01
4.949494949494949481e+01
5.000000000000000000e+01
0.000000000000000000e+00
5.050505050505050830e-01
1.010101010101010166e+00
1.515151515151515138e+00
2.020202020202020332e+00
2.525252525252525526e+00
3.030303030303030276e+00
3.535353535353535470e+00
4.040404040404040664e+00
4.545454545454545858e+00
5.050505050505051052e+00
5.555555555555556246e+00
6.060606060606060552e+00
6.565656565656565746e+00
7.070707070707070940e+00
7.575757575757576134e+00
8.080808080808081328e+00
8.585858585858586522e+00
9.090909090909091717e+00
9.595959595959596911e+00
1.010101010101010210e+01
1.060606060606060730e+01
1.111111111111111249e+01
1.161616161616161769e+01
1.212121212121212110e+01
1.262626262626262630e+01
1.313131313131313149e+01
1.363636363636363669e+01
1.414141414141414188e+01
1.464646464646464707e+01
1.515151515151515227e+01
1.565656565656565746e+01
1.616161616161616266e+01
1.666666666666666785e+01
1.717171717171717304e+01
1.767676767676767824e+01
1.818181818181818343e+01
1.868686868686868863e+01
1.919191919191919382e+01
1.969696969696969902e+01
2.020202020202020421e+01
2.070707070707070940e+01
2.121212121212121460e+01
2.171717171717171979e+01
2.222222222222222499e+01
2.272727272727273018e+01
2.323232323232323537e+01
2.373737373737374057e+01
2.424242424242424221e+01
2.474747474747474740e+01
2.525252525252525260e+01
2.575757575757575779e+01
2.626262626262626299e+01
2.676767676767676818e+01
2.727272727272727337e+01
2.777777777777777857e+01
2.828282828282828376e+01
2.878787878787878896e+01
2.929292929292929415e+01
2.979797979797979934e+01
3.030303030303030454e+01
3.080808080808080973e+01
3.131313131313131493e+01
3.181818181818182012e+01
3.232323232323232531e+01
3.282828282828283051e+01
3.333333333333333570e+01
3.383838383838384090e+01
3.434343434343434609e+01
3.484848484848485128e+01
3.535353535353535648e+01
3.585858585858586167e+01
3.636363636363636687e+01
3.686868686868687206e+01
3.737373737373737725e+01
3.787878787878788245e+01
3.838383838383838764e+01
3.888888888888889284e+01
3.939393939393939803e+01
3.989898989898990322e+01
4.040404040404040842e+01
4.090909090909091361e+01
4.141414141414141881e+01
4.191919191919192400e+01
4.242424242424242919e+01
4.292929292929293439e+01
4.343434343434343958e+01
4.393939393939394478e+01
4.444444444444444997e+01
4.494949494949495516e+01
4.545454545454546036e+01
4.595959595959596555e+01
4.646464646464647075e+01
4.696969696969697594e+01
4.747474747474748114e+01
4.797979797979798633e+01
4.848484848484848442e+01
4.898989898989898961e+01
4.949494949494949481e+01
5.000000000000000000e+01
0.000000000000000000e+00
5.050505050505050830e-01
1.010101010101010166e+00
1.515151515151515138e+00
2.020202020202020332e+00
2.525252525252525526e+00
3.030303030303030276e+00
3.535353535353535470e+00
4.040404040404040664e+00
4.545454545454545858e+00
5.050505050505051052e+00
5.555555555555556246e+00
6.060606060606060552e+00
6.565656565656565746e+00
7.070707070707070940e+00
7.575757575757576134e+00
8.080808080808081328e+00
8.585858585858586522e+00
9.090909090909091717e+00
9.595959595959596911e+00
1.010101010101010210e+01
1.060606060606060730e+01
1.111111111111111249e+01
1.161616161616161769e+01
1.212121212121212110e+01
1.262626262626262630e+01
1.313131313131313149e+01
1.363636363636363669e+01
1.414141414141414188e+01
1.464646464646464707e+01
1.515151515151515227e+01
1.565656565656565746e+01
1.616161616161616266e+01
1.666666666666666785e+01
1.717171717171717304e+01
1.767676767676767824e+01
1.818181818181818343e+01
1.868686868686868863e+01
1.919191919191919382e+01
1.969696969696969902e+01
2.020202020202020421e+01
2.070707070707070940e+01
2.121212121212121460e+01
2.171717171717171979e+01
2.222222222222222499e+01
2.272727272727273018e+01
2.323232323232323537e+01
2.373737373737374057e+01
2.424242424242424221e+01
2.474747474747474740e+01
2.525252525252525260e+01
2.575757575757575779e+01
2.626262626262626299e+01
2.676767676767676818e+01
2.727272727272727337e+01
2.777777777777777857e+01
2.828282828282828376e+01
2.878787878787878896e+01
2.929292929292929415e+01
2.979797979797979934e+01
3.030303030303030454e+01
3.080808080808080973e+01
3.131313131313131493e+01
3.181818181818182012e+01
3.232323232323232531e+01
3.282828282828283051e+01
3.333333333333333570e+01
3.383838383838384090e+01
3.434343434343434609e+01
3.484848484848485128e+01
3.535353535353535648e+01
3.585858585858586167e+01
3.636363636363636687e+01
3.686868686868687206e+01
3.737373737373737725e+01
3.787878787878788245e+01
3.838383838383838764e+01
3.888888888888889284e+01
3.939393939393939803e+01
3.989898989898990322e+01
4.040404040404040842e+01
4.090909090909091361e+01
4.141414141414141881e+01
4.191919191919192400e+01
4.242424242424242919e+01
4.292929292929293439e+01
4.343434343434343958e+01
4.393939393939394478e+01
4.444444444444444997e+01
4.494949494949495516e+01
4.545454545454546036e+01
4.595959595959596555e+01
4.646464646464647075e+01
4.696969696969697594e+01
4.747474747474748114e+01
4.797979797979798633e+01
4.848484848484848442e+01
4.898989898989898961e+01
4.949494949494949481e+01
5.000000000000000000e+01
0.000000000000000000e+00
5.050505050505050830e-01
1.010101010101010166e+00
1.515151515151515138e+00
2.020202020202020332e+00
2.525252525252525526e+00
3.030303030303030276e+00
3.535353535353535470e+00
4.040404040404040664e+00
4.545454545454545858e+00
5.050505050505051052e+00
5.555555555555556246e+00
6.060606060606060552e+00
6.565656565656565746e+00
7.070707070707070940e+00
7.575757575757576134e+00
8.080808080808081328e+00
8.585858585858586522e+00
9.090909090909091717e+00
9.595959595959596911e+00
1.010101010101010210e+01
1.060606060606060730e+01
1.111111111111111249e+01
1.161616161616161769e+01
1.212121212121212110e+01
1.262626262626262630e+01
1.313131313131313149e+01
1.363636363636363669e+01
1.414141414141414188e+01
1.464646464646464707e+01
1.515151515151515227e+01
1.565656565656565746e+01
1.616161616161616266e+01
1.666666666666666785e+01
1.717171717171717304e+01
1.767676767676767824e+01
1.818181818181818343e+01
1.868686868686868863e+01
1.919191919191919382e+01
1.969696969696969902e+01
2.020202020202020421e+01
2.070707070707070940e+01
2.121212121212121460e+01
2.171717171717171979e+01
2.222222222222222499e+01
2.272727272727273018e+01
2.323232323232323537e+01
2.373737373737374057e+01
2.424242424242424221e+01
2.474747474747474740e+01
2.525252525252525260e+01
2.575757575757575779e+01
2.626262626262626299e+01
2.676767676767676818e+01
2.727272727272727337e+01
2.777777777777777857e+01
2.828282828282828376e+01
2.878787878787878896e+01
2.929292929292929415e+01
2.979797979797979934e+01
3.030303030303030454e+01
3.080808080808080973e+01
3.131313131313131493e+01
3.181818181818182012e+01
3.232323232323232531e+01
3.282828282828283051e+01
3.333333333333333570e+01
3.383838383838384090e+01
3.434343434343434609e+01
3.484848484848485128e+01
3.535353535353535648e+01
3.585858585858586167e+01
3.636363636363636687e+01
3.686868686868687206e+01
3.737373737373737725e+01
3.787878787878788245e+01
3.838383838383838764e+01
3.888888888888889284e+01
3.939393939393939803e+01
3.989898989898990322e+01
4.040404040404040842e+01
4.090909090909091361e+01
4.141414141414141881e+01
4.191919191919192400e+01
4.242424242424242919e+01
4.292929292929293439e+01
4.343434343434343958e+01
4.393939393939394478e+01
4.444444444444444997e+01
4.494949494949495516e+01
4.545454545454546036e+01
4.595959595959596555e+01
4.646464646464647075e+01
4.696969696969697594e+01
4.747474747474748114e+01
4.797979797979798633e+01
4.848484848484848442e+01
4.898989898989898961e+01
4.949494949494949481e+01
5.000000000000000000e+01
5.000000000000000000e+01
5.000000000000000000e+01
0.000000000000000000e+00
2.500000000000000000e+01
1.250000000000000000e+01
3.750000000000000000e+01
6.250000000000000000e+00
3.125000000000000000e+01
1.875000000000000000e+01
4.375000000000000000e+01
3.125000000000000000e+00
2.812500000000000000e+01
1.562500000000000000e+01
4.062500000000000000e+01
9.375000000000000000e+00
3.437500000000000000e+01
2.187500000000000000e+01
4.687500000000000000e+01
1.562500000000000000e+00
2.656250000000000000e+01
1.406250000000000000e+01
3.906250000000000000e+01
7.812500000000000000e+00
3.281250000000000000e+01
2.031250000000000000e+01
4.531250000000000000e+01
4.687500000000000000e+00
2.968750000000000000e+01
1.718750000000000000e+01
4.218750000000000000e+01
1.093750000000000000e+01
3.593750000000000000e+01
2.343750000000000000e+01
4.843750000000000000e+01
7.812500000000000000e-01
2.578125000000000000e+01
1.328125000000000000e+01
3.828125000000000000e+01
7.031250000000000000e+00
3.203125000000000000e+01
1.953125000000000000e+01
4.453125000000000000e+01
3.906250000000000000e+00
2.890625000000000000e+01
1.640625000000000000e+01
4.140625000000000000e+01
1.015625000000000000e+01
3.515625000000000000e+01
2.265625000000000000e+01
4.765625000000000000e+01
2.343750000000000000e+00
2.734375000000000000e+01
1.484375000000000000e+01
3.984375000000000000e+01
8.593750000000000000e+00
3.359375000000000000e+01
2.109375000000000000e+01
4.609375000000000000e+01
5.468750000000000000e+00
3.046875000000000000e+01
1.796875000000000000e+01
4.296875000000000000e+01
1.171875000000000000e+01
3.671875000000000000e+01
2.421875000000000000e+01
4.921875000000000000e+01
3.906250000000000000e-01
2.539062500000000000e+01
1.289062500000000000e+01
3.789062500000000000e+01
6.640625000000000000e+00
3.164062500000000000e+01
1.914062500000000000e+01
4.414062500000000000e+01
3.515625000000000000e+00
2.851562500000000000e+01
1.601562500000000000e+01
4.101562500000000000e+01
9.765625000000000000e+00
3.476562500000000000e+01
2.226562500000000000e+01
4.726562500000000000e+01
1.953125000000000000e+00
2.695312500000000000e+01
1.445312500000000000e+01
3.945312500000000000e+01
8.203125000000000000e+00
3.320312500000000000e+01
2.070312500000000000e+01
4.570312500000000000e+01
5.078125000000000000e+00
3.007812500000000000e+01
1.757812500000000000e+01
4.257812500000000000e+01
1.132812500000000000e+01
3.632812500000000000e+01
2.382812500000000000e+01
4.882812500000000000e+01
1.171875000000000000e+00
2.617187500000000000e+01
1.367187500000000000e+01
3.867187500000000000e+01
7.421875000000000000e+00
3.242187500000000000e+01
1.992187500000000000e+01
4.492187500000000000e+01
4.296875000000000000e+00
2.929687500000000000e+01
1.679687500000000000e+01
4.179687500000000000e+01
1.054687500000000000e+01
3.554687500000000000e+01
2.304687500000000000e+01
4.804687500000000000e+01
2.734375000000000000e+00
2.773437500000000000e+01
1.523437500000000000e+01
4.023437500000000000e+01
8.984375000000000000e+00
3.398437500000000000e+01
2.148437500000000000e+01
4.648437500000000000e+01
5.859375000000000000e+00
3.085937500000000000e+01
1.835937500000000000e+01
4.335937500000000000e+01
1.210937500000000000e+01
3.710937500000000000e+01
2.460937500000000000e+01
4.960937500000000000e+01
1.953125000000000000e-01
2.519531250000000000e+01
1.269531250000000000e+01
3.769531250000000000e+01
6.445312500000000000e+00
3.144531250000000000e+01
1.894531250000000000e+01
4.394531250000000000e+01
3.320312500000000000e+00
2.832031250000000000e+01
1.582031250000000000e+01
4.082031250000000000e+01
9.570312500000000000e+00
3.457031250000000000e+01
2.207031250000000000e+01
4.707031250000000000e+01
1.757812500000000000e+00
2.675781250000000000e+01
1.425781250000000000e+01
3.925781250000000000e+01
8.007812500000000000e+00
3.300781250000000000e+01
2.050781250000000000e+01
4.550781250000000000e+01
4.882812500000000000e+00
2.988281250000000000e+01
1.738281250000000000e+01
4.238281250000000000e+01
1.113281250000000000e+01
3.613281250000000000e+01
2.363281250000000000e+01
4.863281250000000000e+01
9.765625000000000000e-01
2.597656250000000000e+01
1.347656250000000000e+01
3.847656250000000000e+01
7.226562500000000000e+00
3.222656250000000000e+01
1.972656250000000000e+01
4.472656250000000000e+01
4.101562500000000000e+00
2.910156250000000000e+01
1.660156250000000000e+01
4.160156250000000000e+01
1.035156250000000000e+01
3.535156250000000000e+01
2.285156250000000000e+01
4.785156250000000000e+01
2.539062500000000000e+00
2.753906250000000000e+01
1.503906250000000000e+01
4.003906250000000000e+01
8.789062500000000000e+00
3.378906250000000000e+01
2.128906250000000000e+01
4.628906250000000000e+01
5.664062500000000000e+00
3.066406250000000000e+01
1.816406250000000000e+01
4.316406250000000000e+01
1.191406250000000000e+01
3.691406250000000000e+01
2.441406250000000000e+01
4.941406250000000000e+01
5.859375000000000000e-01
2.558593750000000000e+01
1.308593750000000000e+01
3.808593750000000000e+01
6.835937500000000000e+00
3.183593750000000000e+01
1.933593750000000000e+01
4.433593750000000000e+01
3.710937500000000000e+00
2.871093750000000000e+01
1.621093750000000000e+01
4.121093750000000000e+01
9.960937500000000000e+00
3.496093750000000000e+01
2.246093750000000000e+01
4.746093750000000000e+01
2.148437500000000000e+00
2.714843750000000000e+01
1.464843750000000000e+01
3.964843750000000000e+01
8.398437500000000000e+00
3.339843750000000000e+01
2.089843750000000000e+01
4.589843750000000000e+01
5.273437500000000000e+00
3.027343750000000000e+01
1.777343750000000000e+01
4.277343750000000000e+01
1.152343750000000000e+01
3.652343750000000000e+01
2.402343750000000000e+01
4.902343750000000000e+01
1.367187500000000000e+00
2.636718750000000000e+01
1.386718750000000000e+01
3.886718750000000000e+01
7.617187500000000000e+00
3.261718750000000000e+01
2.011718750000000000e+01
4.511718750000000000e+01
4.492187500000000000e+00
2.949218750000000000e+01
1.699218750000000000e+01
4.199218750000000000e+01
1.074218750000000000e+01
3.574218750000000000e+01
2.324218750000000000e+01
4.824218750000000000e+01
2.929687500000000000e+00
2.792968750000000000e+01
1.542968750000000000e+01
4.042968750000000000e+01
9.179687500000000000e+00
3.417968750000000000e+01
2.167968750000000000e+01
4.667968750000000000e+01
6.054687500000000000e+00
3.105468750000000000e+01
1.855468750000000000e+01
4.355468750000000000e+01
1.230468750000000000e+01
3.730468750000000000e+01
2.480468750000000000e+01
4.980468750000000000e+01
9.765625000000000000e-02
2.509765625000000000e+01
1.259765625000000000e+01
3.759765625000000000e+01
6.347656250000000000e+00
3.134765625000000000e+01
1.884765625000000000e+01
4.384765625000000000e+01
3.222656250000000000e+00
2.822265625000000000e+01
1.572265625000000000e+01
4.072265625000000000e+01
9.472656250000000000e+00
3.447265625000000000e+01
2.197265625000000000e+01
4.697265625000000000e+01
1.660156250000000000e+00
2.666015625000000000e+01
1.416015625000000000e+01
3.916015625000000000e+01
7.910156250000000000e+00
3.291015625000000000e+01
2.041015625000000000e+01
4.541015625000000000e+01
4.785156250000000000e+00
2.978515625000000000e+01
1.728515625000000000e+01
4.228515625000000000e+01
1.103515625000000000e+01
3.603515625000000000e+01
2.353515625000000000e+01
4.853515625000000000e+01
8.789062500000000000e-01
2.587890625000000000e+01
1.337890625000000000e+01
3.837890625000000000e+01
7.128906250000000000e+00
3.212890625000000000e+01
1.962890625000000000e+01
4.462890625000000000e+01
4.003906250000000000e+00
2.900390625000000000e+01
1.650390625000000000e+01
4.150390625000000000e+01
1.025390625000000000e+01
3.525390625000000000e+01
2.275390625000000000e+01
4.775390625000000000e+01
2.441406250000000000e+00
2.744140625000000000e+01
1.494140625000000000e+01
3.994140625000000000e+01
8.691406250000000000e+00
3.369140625000000000e+01
2.119140625000000000e+01
4.619140625000000000e+01
5.566406250000000000e+00
3.056640625000000000e+01
1.806640625000000000e+01
4.306640625000000000e+01
1.181640625000000000e+01
3.681640625000000000e+01
2.431640625000000000e+01
4.931640625000000000e+01
4.882812500000000000e-01
2.548828125000000000e+01
1.298828125000000000e+01
3.798828125000000000e+01
6.738281250000000000e+00
3.173828125000000000e+01
1.923828125000000000e+01
4.423828125000000000e+01
3.613281250000000000e+00
2.861328125000000000e+01
1.611328125000000000e+01
4.111328125000000000e+01
9.863281250000000000e+00
3.486328125000000000e+01
2.236328125000000000e+01
4.736328125000000000e+01
2.050781250000000000e+00
2.705078125000000000e+01
1.455078125000000000e+01
3.955078125000000000e+01
8.300781250000000000e+00
3.330078125000000000e+01
2.080078125000000000e+01
4.580078125000000000e+01
5.175781250000000000e+00
3.017578125000000000e+01
1.767578125000000000e+01
4.267578125000000000e+01
1.142578125000000000e+01
3.642578125000000000e+01
2.392578125000000000e+01
4.892578125000000000e+01
1.269531250000000000e+00
2.626953125000000000e+01
1.376953125000000000e+01
3.876953125000000000e+01
7.519531250000000000e+00
3.251953125000000000e+01
2.001953125000000000e+01
4.501953125000000000e+01
4.394531250000000000e+00
2.939453125000000000e+01
1.689453125000000000e+01
4.189453125000000000e+01
1.064453125000000000e+01
3.564453125000000000e+01
2.314453125000000000e+01
4.814453125000000000e+01
2.832031250000000000e+00
2.783203125000000000e+01
1.533203125000000000e+01
4.033203125000000000e+01
9.082031250000000000e+00
3.408203125000000000e+01
2.158203125000000000e+01
4.658203125000000000e+01
5.957031250000000000e+00
3.095703125000000000e+01
1.845703125000000000e+01
4.345703125000000000e+01
1.220703125000000000e+01
3.720703125000000000e+01
2.470703125000000000e+01
4.970703125000000000e+01
2.929687500000000000e-01
2.529296875000000000e+01
1.279296875000000000e+01
3.779296875000000000e+01
6.542968750000000000e+00
3.154296875000000000e+01
1.904296875000000000e+01
4.404296875000000000e+01
3.417968750000000000e+00
2.841796875000000000e+01
1.591796875000000000e+01
4.091796875000000000e+01
9.667968750000000000e+00
3.466796875000000000e+01
2.216796875000000000e+01
4.716796875000000000e+01
1.855468750000000000e+00
2.685546875000000000e+01
1.435546875000000000e+01
3.935546875000000000e+01
8.105468750000000000e+00
3.310546875000000000e+01
2.060546875000000000e+01
4.560546875000000000e+01
4.980468750000000000e+00
2.998046875000000000e+01
1.748046875000000000e+01
4.248046875000000000e+01
1.123046875000000000e+01
3.623046875000000000e+01
2.373046875000000000e+01
4.873046875000000000e+01
1.074218750000000000e+00
2.607421875000000000e+01
1.357421875000000000e+01
3.857421875000000000e+01
7.324218750000000000e+00
3.232421875000000000e+01
1.982421875000000000e+01
4.482421875000000000e+01
4.199218750000000000e+00
2.919921875000000000e+01
1.669921875000000000e+01
4.169921875000000000e+01
1.044921875000000000e+01
3.544921875000000000e+01
2.294921875000000000e+01
4.794921875000000000e+01
2.636718750000000000e+00
2.763671875000000000e+01
1.513671875000000000e+01
4.013671875000000000e+01
8.886718750000000000e+00
3.388671875000000000e+01
2.138671875000000000e+01
4.638671875000000000e+01
5.761718750000000000e+00
3.076171875000000000e+01
1.826171875000000000e+01
4.326171875000000000e+01
1.201171875000000000e+01
3.701171875000000000e+01
2.451171875000000000e+01
4.951171875000000000e+01
6.835937500000000000e-01
2.568359375000000000e+01
1.318359375000000000e+01
3.818359375000000000e+01
6.933593750000000000e+00
3.193359375000000000e+01
1.943359375000000000e+01
4.443359375000000000e+01
3.808593750000000000e+00
2.880859375000000000e+01
1.630859375000000000e+01
4.130859375000000000e+01
1.005859375000000000e+01
3.505859375000000000e+01
2.255859375000000000e+01
4.755859375000000000e+01
2.246093750000000000e+00
2.724609375000000000e+01
1.474609375000000000e+01
3.974609375000000000e+01
8.496093750000000000e+00
3.349609375000000000e+01
2.099609375000000000e+01
4.599609375000000000e+01
5.371093750000000000e+00
3.037109375000000000e+01
1.787109375000000000e+01
4.287109375000000000e+01
1.162109375000000000e+01
3.662109375000000000e+01
2.412109375000000000e+01
4.912109375000000000e+01
1.464843750000000000e+00
2.646484375000000000e+01
1.396484375000000000e+01
3.896484375000000000e+01
7.714843750000000000e+00
3.271484375000000000e+01
2.021484375000000000e+01
4.521484375000000000e+01
4.589843750000000000e+00
2.958984375000000000e+01
1.708984375000000000e+01
4.208984375000000000e+01
1.083984375000000000e+01
3.583984375000000000e+01
2.333984375000000000e+01
4.833984375000000000e+01
3.027343750000000000e+00
2.802734375000000000e+01
1.552734375000000000e+01
4.052734375000000000e+01
9.277343750000000000e+00
3.427734375000000000e+01
2.177734375000000000e+01
4.677734375000000000e+01
6.152343750000000000e+00
3.115234375000000000e+01
1.865234375000000000e+01
4.365234375000000000e+01
1.240234375000000000e+01
3.740234375000000000e+01
2.490234375000000000e+01
4.990234375000000000e+01
4.882812500000000000e-02
