# x
0.000000000000000000e+00
0.000000000000000000e+00
0.000000000000000000e+00
0.000000000000000000e+00
0.000000000000000000e+00
0.000000000000000000e+00
0.000000000000000000e+00
1.010101010101010166e+00
2.020202020202020332e+00
3.030303030303030276e+00
4.040404040404040664e+00
5.050505050505051052e+00
6.060606060606060552e+00
7.070707070707070940e+00
8.080808080808081328e+00
9.090909090909091717e+00
1.010101010101010210e+01
1.111111111111111249e+01
1.212121212121212110e+01
1.313131313131313149e+01
1.414141414141414188e+01
1.515151515151515227e+01
1.616161616161616266e+01
1.717171717171717304e+01
1.818181818181818343e+01
1.919191919191919382e+01
2.020202020202020421e+01
2.121212121212121460e+01
2.222222222222222499e+01
2.323232323232323537e+01
2.424242424242424221e+01
2.525252525252525260e+01
2.626262626262626299e+01
2.727272727272727337e+01
2.828282828282828376e+01
2.929292929292929415e+01
3.030303030303030454e+01
3.131313131313131493e+01
3.232323232323232531e+01
3.333333333333333570e+01
3.434343434343434609e+01
3.535353535353535648e+01
3.636363636363636687e+01
3.737373737373737725e+01
3.838383838383838764e+01
3.939393939393939803e+01
4.040404040404040842e+01
4.141414141414141881e+01
4.242424242424242919e+01
4.343434343434343958e+01
4.444444444444444997e+01
4.545454545454546036e+01
4.646464646464647075e+01
4.747474747474748114e+01
4.848484848484848442e+01
4.949494949494949481e+01
5.050505050505050519e+01
5.151515151515151558e+01
5.252525252525252597e+01
5.353535353535353636e+01
5.454545454545454675e+01
5.555555555555555713e+01
5.656565656565656752e+01
5.757575757575757791e+01
5.858585858585858830e+01
5.959595959595959869e+01
6.060606060606060908e+01
6.161616161616161946e+01
6.262626262626262985e+01
6.363636363636364024e+01
6.464646464646465063e+01
6.565656565656566102e+01
6.666666666666667140e+01
6.767676767676768179e+01
6.868686868686869218e+01
6.969696969696970257e+01
7.070707070707071296e+01
7.171717171717172334e+01
7.272727272727273373e+01
7.373737373737374412e+01
7.474747474747475451e+01
7.575757575757576490e+01
7.676767676767677528e+01
7.777777777777778567e+01
7.878787878787879606e+01
7.979797979797980645e+01
8.080808080808081684e+01
8.181818181818182723e+01
8.282828282828283761e+01
8.383838383838384800e+01
8.484848484848485839e+01
8.585858585858586878e+01
8.686868686868687917e+01
8.787878787878788955e+01
8.888888888888889994e+01
8.989898989898991033e+01
9.090909090909092072e+01
9.191919191919193111e+01
9.292929292929294149e+01
9.393939393939395188e+01
9.494949494949496227e+01
9.595959595959597266e+01
9.696969696969696884e+01
9.797979797979797922e+01
9.898989898989898961e+01
1.000000000000000000e+02
0.000000000000000000e+00
1.010101010101010166e+00
2.020202020202020332e+00
3.030303030303030276e+00
4.040404040404040664e+00
5.050505050505051052e+00
6.060606060606060552e+00
7.070707070707070940e+00
8.080808080808081328e+00
9.090909090909091717e+00
1.010101010101010210e+01
1.111111111111111249e+01
1.212121212121212110e+01
1.313131313131313149e+01
1.414141414141414188e+01
1.515151515151515227e+01
1.616161616161616266e+01
1.717171717171717304e+01
1.818181818181818343e+01
1.919191919191919382e+01
2.020202020202020421e+01
2.121212121212121460e+01
2.222222222222222499e+01
2.323232323232323537e+01
2.424242424242424221e+01
2.525252525252525260e+01
2.626262626262626299e+01
2.727272727272727337e+01
2.828282828282828376e+01
2.929292929292929415e+01
3.030303030303030454e+01
3.131313131313131493e+01
3.232323232323232531e+01
3.333333333333333570e+01
3.434343434343434609e+01
3.535353535353535648e+01
3.636363636363636687e+01
3.737373737373737725e+01
3.838383838383838764e+01
3.939393939393939803e+01
4.040404040404040842e+01
4.141414141414141881e+01
4.242424242424242919e+01
4.343434343434343958e+01
4.444444444444444997e+01
4.545454545454546036e+01
4.646464646464647075e+01
4.747474747474748114e+01
4.848484848484848442e+01
4.949494949494949481e+01
5.050505050505050519e+01
5.151515151515151558e+01
5.252525252525252597e+01
5.353535353535353636e+01
5.454545454545454675e+01
5.555555555555555713e+01
5.656565656565656752e+01
5.757575757575757791e+01
5.858585858585858830e+01
5.959595959595959869e+01
6.060606060606060908e+01
6.161616161616161946e+01
6.262626262626262985e+01
6.363636363636364024e+01
6.464646464646465063e+01
6.565656565656566102e+01
6.666666666666667140e+01
6.767676767676768179e+01
6.868686868686869218e+01
6.969696969696970257e+01
7.070707070707071296e+01
7.171717171717172334e+01
7.272727272727273373e+01
7.373737373737374412e+01
7.474747474747475451e+01
7.575757575757576490e+01
7.676767676767677528e+01
7.777777777777778567e+01
7.878787878787879606e+01
7.979797979797980645e+01
8.080808080808081684e+01
8.181818181818182723e+01
8.282828282828283761e+01
8.383838383838384800e+01
8.484848484848485839e+01
8.585858585858586878e+01
8.686868686868687917e+01
8.787878787878788955e+01
8.888888888888889994e+01
8.989898989898991033e+01
9.090909090909092072e+01
9.191919191919193111e+01
9.292929292929294149e+01
9.393939393939395188e+01
9.494949494949496227e+01
9.595959595959597266e+01
9.696969696969696884e+01
9.797979797979797922e+01
9.898989898989898961e+01
1.000000000000000000e+02
0.000000000000000000e+00
1.000000000000000000e+02
5.000000000000000000e+01
2.500000000000000000e+01
7.500000000000000000e+01
1.250000000000000000e+01
6.250000000000000000e+01
3.750000000000000000e+01
8.750000000000000000e+01
6.250000000000000000e+00
5.625000000000000000e+01
3.125000000000000000e+01
8.125000000000000000e+01
1.875000000000000000e+01
6.875000000000000000e+01
4.375000000000000000e+01
9.375000000000000000e+01
3.125000000000000000e+00
5.312500000000000000e+01
2.812500000000000000e+01
7.812500000000000000e+01
1.562500000000000000e+01
6.562500000000000000e+01
4.062500000000000000e+01
9.062500000000000000e+01
9.375000000000000000e+00
5.937500000000000000e+01
3.437500000000000000e+01
8.437500000000000000e+01
2.187500000000000000e+01
7.187500000000000000e+01
4.687500000000000000e+01
9.687500000000000000e+01
1.562500000000000000e+00
5.156250000000000000e+01
2.656250000000000000e+01
7.656250000000000000e+01
1.406250000000000000e+01
6.406250000000000000e+01
3.906250000000000000e+01
8.906250000000000000e+01
7.812500000000000000e+00
5.781250000000000000e+01
3.281250000000000000e+01
8.281250000000000000e+01
2.031250000000000000e+01
7.031250000000000000e+01
4.531250000000000000e+01
9.531250000000000000e+01
4.687500000000000000e+00
5.468750000000000000e+01
2.968750000000000000e+01
7.968750000000000000e+01
1.718750000000000000e+01
6.718750000000000000e+01
4.218750000000000000e+01
9.218750000000000000e+01
1.093750000000000000e+01
6.093750000000000000e+01
3.593750000000000000e+01
8.593750000000000000e+01
2.343750000000000000e+01
7.343750000000000000e+01
4.843750000000000000e+01
9.843750000000000000e+01
7.812500000000000000e-01
5.078125000000000000e+01
2.578125000000000000e+01
7.578125000000000000e+01
1.328125000000000000e+01
6.328125000000000000e+01
3.828125000000000000e+01
8.828125000000000000e+01
7.031250000000000000e+00
5.703125000000000000e+01
3.203125000000000000e+01
8.203125000000000000e+01
1.953125000000000000e+01
6.953125000000000000e+01
4.453125000000000000e+01
9.453125000000000000e+01
3.906250000000000000e+00
5.390625000000000000e+01
2.890625000000000000e+01
7.890625000000000000e+01
1.640625000000000000e+01
6.640625000000000000e+01
4.140625000000000000e+01
9.140625000000000000e+01
1.015625000000000000e+01
6.015625000000000000e+01
3.515625000000000000e+01
8.515625000000000000e+01
2.265625000000000000e+01
7.265625000000000000e+01
4.765625000000000000e+01
9.765625000000000000e+01
2.343750000000000000e+00
5.234375000000000000e+01
2.734375000000000000e+01
7.734375000000000000e+01
1.484375000000000000e+01
6.484375000000000000e+01
3.984375000000000000e+01
8.984375000000000000e+01
8.593750000000000000e+00
5.859375000000000000e+01
3.359375000000000000e+01
8.359375000000000000e+01
2.109375000000000000e+01
7.109375000000000000e+01
4.609375000000000000e+01
9.609375000000000000e+01
5.468750000000000000e+00
5.546875000000000000e+01
3.046875000000000000e+01
8.046875000000000000e+01
1.796875000000000000e+01
6.796875000000000000e+01
4.296875000000000000e+01
9.296875000000000000e+01
1.171875000000000000e+01
6.171875000000000000e+01
3.671875000000000000e+01
8.671875000000000000e+01
2.421875000000000000e+01
7.421875000000000000e+01
4.921875000000000000e+01
9.921875000000000000e+01
3.906250000000000000e-01
