# x
0.000000000000000000e+00
0.000000000000000000e+00
0.000000000000000000e+00
0.000000000000000000e+00
0.000000000000000000e+00
1.282051282051282159e+00
2.564102564102564319e+00
3.846153846153846700e+00
5.128205128205128638e+00
6.410256410256410575e+00
7.692307692307693401e+00
8.974358974358974450e+00
1.025641025641025728e+01
1.153846153846154010e+01
1.282051282051282115e+01
1.410256410256410398e+01
1.538461538461538680e+01
1.666666666666666785e+01
1.794871794871794890e+01
1.923076923076923350e+01
2.051282051282051455e+01
2.179487179487179560e+01
2.307692307692308020e+01
2.435897435897436125e+01
2.564102564102564230e+01
2.692307692307692690e+01
2.820512820512820795e+01
2.948717948717948900e+01
3.076923076923077360e+01
3.205128205128205110e+01
3.333333333333333570e+01
3.461538461538462030e+01
3.589743589743589780e+01
3.717948717948718240e+01
3.846153846153846700e+01
3.974358974358974450e+01
4.102564102564102910e+01
4.230769230769231370e+01
4.358974358974359120e+01
4.487179487179487580e+01
4.615384615384616041e+01
4.743589743589743790e+01
4.871794871794872250e+01
5.000000000000000000e+01
0.000000000000000000e+00
1.282051282051282159e+00
2.564102564102564319e+00
3.846153846153846700e+00
5.128205128205128638e+00
6.410256410256410575e+00
7.692307692307693401e+00
8.974358974358974450e+00
1.025641025641025728e+01
1.153846153846154010e+01
1.282051282051282115e+01
1.410256410256410398e+01
1.538461538461538680e+01
1.666666666666666785e+01
1.794871794871794890e+01
1.923076923076923350e+01
2.051282051282051455e+01
2.179487179487179560e+01
2.307692307692308020e+01
2.435897435897436125e+01
2.564102564102564230e+01
2.692307692307692690e+01
2.820512820512820795e+01
2.948717948717948900e+01
3.076923076923077360e+01
3.205128205128205110e+01
3.333333333333333570e+01
3.461538461538462030e+01
3.589743589743589780e+01
3.717948717948718240e+01
3.846153846153846700e+01
3.974358974358974450e+01
4.102564102564102910e+01
4.230769230769231370e+01
4.358974358974359120e+01
4.487179487179487580e+01
4.615384615384616041e+01
4.743589743589743790e+01
4.871794871794872250e+01
5.000000000000000000e+01
0.000000000000000000e+00
5.000000000000000000e+01
2.500000000000000000e+01
1.250000000000000000e+01
3.750000000000000000e+01
6.250000000000000000e+00
3.125000000000000000e+01
1.875000000000000000e+01
4.375000000000000000e+01
3.125000000000000000e+00
2.812500000000000000e+01
1.562500000000000000e+01
4.062500000000000000e+01
9.375000000000000000e+00
3.437500000000000000e+01
2.187500000000000000e+01
4.687500000000000000e+01
1.562500000000000000e+00
2.656250000000000000e+01
1.406250000000000000e+01
3.906250000000000000e+01
7.812500000000000000e+00
3.281250000000000000e+01
2.031250000000000000e+01
4.531250000000000000e+01
4.687500000000000000e+00
2.968750000000000000e+01
1.718750000000000000e+01
4.218750000000000000e+01
1.093750000000000000e+01
3.593750000000000000e+01
2.343750000000000000e+01
4.843750000000000000e+01
7.812500000000000000e-01
2.578125000000000000e+01
1.328125000000000000e+01
3.828125000000000000e+01
7.031250000000000000e+00
3.203125000000000000e+01
1.953125000000000000e+01
4.453125000000000000e+01
3.906250000000000000e+00
2.890625000000000000e+01
1.640625000000000000e+01
4.140625000000000000e+01
1.015625000000000000e+01
3.515625000000000000e+01
2.265625000000000000e+01
4.765625000000000000e+01
2.343750000000000000e+00
2.734375000000000000e+01
1.484375000000000000e+01
3.984375000000000000e+01
8.593750000000000000e+00
3.359375000000000000e+01
2.109375000000000000e+01
4.609375000000000000e+01
5.468750000000000000e+00
3.046875000000000000e+01
1.796875000000000000e+01
4.296875000000000000e+01
1.171875000000000000e+01
3.671875000000000000e+01
2.421875000000000000e+01
4.921875000000000000e+01
3.906250000000000000e-01
2.539062500000000000e+01
1.289062500000000000e+01
3.789062500000000000e+01
6.640625000000000000e+00
3.164062500000000000e+01
1.914062500000000000e+01
4.414062500000000000e+01
3.515625000000000000e+00
2.851562500000000000e+01
1.601562500000000000e+01
4.101562500000000000e+01
9.765625000000000000e+00
3.476562500000000000e+01
2.226562500000000000e+01
4.726562500000000000e+01
1.953125000000000000e+00
2.695312500000000000e+01
1.445312500000000000e+01
3.945312500000000000e+01
8.203125000000000000e+00
3.320312500000000000e+01
2.070312500000000000e+01
4.570312500000000000e+01
5.078125000000000000e+00
3.007812500000000000e+01
1.757812500000000000e+01
4.257812500000000000e+01
1.132812500000000000e+01
3.632812500000000000e+01
2.382812500000000000e+01
4.882812500000000000e+01
1.171875000000000000e+00
2.617187500000000000e+01
1.367187500000000000e+01
3.867187500000000000e+01
7.421875000000000000e+00
3.242187500000000000e+01
1.992187500000000000e+01
4.492187500000000000e+01
4.296875000000000000e+00
2.929687500000000000e+01
1.679687500000000000e+01
4.179687500000000000e+01
1.054687500000000000e+01
3.554687500000000000e+01
2.304687500000000000e+01
4.804687500000000000e+01
2.734375000000000000e+00
2.773437500000000000e+01
1.523437500000000000e+01
4.023437500000000000e+01
8.984375000000000000e+00
3.398437500000000000e+01
2.148437500000000000e+01
4.648437500000000000e+01
5.859375000000000000e+00
3.085937500000000000e+01
1.835937500000000000e+01
4.335937500000000000e+01
1.210937500000000000e+01
3.710937500000000000e+01
2.460937500000000000e+01
4.960937500000000000e+01
1.953125000000000000e-01
